# k-point: 0.000000  0.000000  0.000000
# band     ipr_up            ipr_norm_up       ipr_dw            ipr_norm_dw       Energy_up(eV)   Energy_dw(eV)
     1   2.0650353490e-06   0.0000000000e+00   2.0558698139e-06   0.0000000000e+00      -8.261500      -8.257500
     2   2.2236472634e-05   1.2528966100e-01   2.1826926041e-05   1.5458029630e-01      -7.465700      -7.461300
     3   3.8309643772e-06   1.0968611020e-02   3.9173236394e-06   1.4553804339e-02      -7.236100      -7.235000
     4   3.9377978248e-06   1.1632179325e-02   3.9395252526e-06   1.4727387981e-02      -7.235600      -7.234200
     5   3.9443756423e-06   1.1673035735e-02   4.0934457931e-06   1.5930818009e-02      -7.224800      -7.221500
     6   3.9928327366e-06   1.1974014432e-02   3.9479880509e-06   1.4793554495e-02      -7.220100      -7.214500
     7   4.3571882497e-06   1.4237114383e-02   4.3750906339e-06   1.8132862374e-02      -7.150600      -7.141300
     8   1.7560159946e-05   9.6243955281e-02   1.7520736865e-05   1.2091229237e-01      -6.607400      -6.603200
     9   5.4306997975e-06   2.0904953467e-02   5.4967286903e-06   2.6902406150e-02      -6.236600      -6.236700
    10   4.9311406733e-06   1.7802071285e-02   5.1208861832e-06   2.3963875935e-02      -6.236600      -6.234200
    11   5.2545435755e-06   1.9810804695e-02   5.7625542214e-06   2.8980767007e-02      -6.233100      -6.233500
    12   5.1536114243e-06   1.9183890765e-02   5.9065876857e-06   3.0106894783e-02      -6.232800      -6.230900
    13   5.7888264966e-06   2.3129364752e-02   5.0935835262e-06   2.3750409706e-02      -6.230700      -6.230100
    14   4.7660010650e-06   1.6776349357e-02   5.1397354190e-06   2.4111248965e-02      -6.230500      -6.222800
    15   4.7734160278e-06   1.6822405479e-02   5.6851841597e-06   2.8375848032e-02      -6.220500      -6.213100
    16   6.3455279209e-06   2.6587171538e-02   6.4214231038e-06   3.4132143135e-02      -6.205700      -6.203200
    17   5.0692689372e-06   1.8660019240e-02   4.8373275723e-06   2.1746868730e-02      -6.202700      -6.189100
    18   5.0119896782e-06   1.8304243950e-02   4.9510999686e-06   2.2636399898e-02      -6.188600      -6.188700
    19   5.1967085610e-06   1.9451577474e-02   5.1831190739e-06   2.4450444713e-02      -6.033000      -6.016600
    20   8.9879393693e-06   4.2999826220e-02   8.9511412130e-06   5.3910781684e-02      -5.479700      -5.475600
    21   5.6885895973e-06   2.2506769199e-02   4.7931362768e-06   2.1401358432e-02      -5.251600      -5.245600
    22   5.3822832618e-06   2.0604226688e-02   5.8545092674e-06   2.9699718897e-02      -5.243000      -5.242300
    23   4.1192063992e-06   1.2758951724e-02   4.1010035932e-06   1.5989908781e-02      -5.242900      -5.237100
    24   4.1135452611e-06   1.2723789030e-02   3.8273181004e-06   1.3850094697e-02      -5.231500      -5.227200
    25   3.9653742624e-06   1.1803463228e-02   5.5608262634e-06   2.7403553976e-02      -5.229000      -5.221100
    26   5.5977125710e-06   2.1942310075e-02   4.1168552409e-06   1.6113845124e-02      -5.221800      -5.217900
    27   5.0634487086e-06   1.8623868397e-02   5.1018083570e-06   2.3814715668e-02      -5.092100      -5.080100
    28   9.5384985937e-06   4.6419482322e-02   9.3340179071e-06   5.6904308795e-02      -4.473900      -4.466500
    29   4.0623282190e-06   1.2405667631e-02   4.0705632109e-06   1.5751910201e-02      -4.247900      -4.244300
    30   4.1505053233e-06   1.2953356889e-02   4.1548005422e-06   1.6410521025e-02      -4.244100      -4.240800
    31   4.1658137899e-06   1.3048441466e-02   4.1441357312e-06   1.6327138042e-02      -4.229400      -4.223500
    32   4.1630028593e-06   1.3030982098e-02   4.1848500078e-06   1.6645463217e-02      -4.223600      -4.216000
    33   5.1858714332e-06   1.9384265460e-02   5.2078464785e-06   2.4643776293e-02      -4.149700      -4.145500
    34   9.5362330587e-06   4.6405410538e-02   9.6487099350e-06   5.9364733082e-02      -3.857400      -3.850200
    35   6.8982816385e-06   3.0020458166e-02   7.1811814606e-06   4.0072325114e-02      -3.361300      -3.357400
    36   7.2084165304e-06   3.1946780764e-02   7.2122472040e-06   4.0315213089e-02      -3.358300      -3.353800
    37   6.0661754809e-06   2.4852046172e-02   6.2510336129e-06   3.2799950373e-02      -3.330700      -3.330000
    38   5.9205368780e-06   2.3947449690e-02   7.3694360172e-06   4.1544196156e-02      -3.327500      -3.321400
    39   5.8337477282e-06   2.3408381353e-02   6.4595060647e-06   3.4429895329e-02      -3.322100      -3.321300
    40   7.0913481256e-06   3.1219640672e-02   5.9977207284e-06   3.0819419829e-02      -3.321800      -3.316700
    41   5.4520846526e-06   2.1037779958e-02   5.8444411418e-06   2.9621001109e-02      -3.317700      -3.316000
    42   5.9817935248e-06   2.4327929495e-02   6.4841714156e-06   3.4622741741e-02      -3.316500      -3.314000
    43   6.7978488633e-06   2.9396645981e-02   7.4500151835e-06   4.2174205563e-02      -3.315900      -3.313300
    44   6.9466842528e-06   3.0321098475e-02   6.7087946519e-06   3.6378961845e-02      -3.313300      -3.311300
    45   6.7069344593e-06   2.8831954696e-02   6.9731232297e-06   3.8445618750e-02      -3.311100      -3.307400
    46   5.8481525094e-06   2.3497852923e-02   6.0366321696e-06   3.1123649510e-02      -3.307800      -3.306100
    47   7.3004042955e-06   3.2518138954e-02   6.5661982238e-06   3.5264069557e-02      -3.306300      -3.303000
    48   6.9159476452e-06   3.0130185993e-02   6.4304853304e-06   3.4202996288e-02      -3.303800      -3.300500
    49   6.8580496453e-06   2.9770567555e-02   6.3611327239e-06   3.3660761905e-02      -3.302400      -3.299500
    50   5.9129770719e-06   2.3900493912e-02   6.3923370479e-06   3.3904733375e-02      -3.300500      -3.297200
    51   5.7405426546e-06   2.2829462166e-02   6.4748208812e-06   3.4549634449e-02      -3.294900      -3.293000
    52   6.5007927406e-06   2.7551558773e-02   6.0934201245e-06   3.1567646977e-02      -3.292800      -3.287500
    53   7.1539826807e-06   3.1608678997e-02   7.1970322462e-06   4.0196254716e-02      -3.280900      -3.274200
    54   7.8447045982e-06   3.5898919384e-02   7.7894897216e-06   4.4828392273e-02      -3.264700      -3.261700
    55   7.1976081172e-06   3.1879647103e-02   7.5498169750e-06   4.2954507350e-02      -3.232100      -3.220500
    56   7.6093838168e-06   3.4437285267e-02   6.9231019102e-06   3.8054526322e-02      -3.219200      -3.201700
    57   6.5447756861e-06   2.7824747453e-02   6.6154752220e-06   3.5649342498e-02      -2.996800      -2.989500
    58   5.9963611059e-06   2.4418412254e-02   5.9813464803e-06   3.0691397527e-02      -2.803500      -2.801100
    59   7.1852389471e-06   3.1802819205e-02   7.0163267233e-06   3.8783405906e-02      -2.565600      -2.564700
    60   6.8018291155e-06   2.9421368287e-02   7.5413019865e-06   4.2887932785e-02      -2.564800      -2.559900
    61   6.2437493276e-06   2.5955000152e-02   6.8246911415e-06   3.7285100267e-02      -2.542400      -2.541300
    62   6.5614187320e-06   2.7928121424e-02   6.0656509101e-06   3.1350532962e-02      -2.538700      -2.533200
    63   7.1163754842e-06   3.1375091631e-02   6.7425178429e-06   3.6642627113e-02      -2.535700      -2.532000
    64   5.5250434957e-06   2.1490944926e-02   5.4671533043e-06   2.6671170556e-02      -2.532400      -2.527400
    65   7.2098296665e-06   3.1955558093e-02   5.9190644429e-06   3.0204444494e-02      -2.532000      -2.527300
    66   8.1175648744e-06   3.7593720355e-02   5.6865448464e-06   2.8386486582e-02      -2.525200      -2.523900
    67   5.7271713279e-06   2.2746409632e-02   7.0685263781e-06   3.9191529680e-02      -2.524400      -2.521200
    68   5.0765765749e-06   1.8705408740e-02   5.1864882350e-06   2.4476786550e-02      -2.522200      -2.520400
    69   6.8967432001e-06   3.0010902554e-02   5.6334396023e-06   2.7971282443e-02      -2.516100      -2.512900
    70   5.5111857494e-06   2.1404871122e-02   6.5562703916e-06   3.5186448654e-02      -2.514300      -2.511900
    71   5.2930929160e-06   2.0050243944e-02   5.3956293531e-06   2.6111959483e-02      -2.512800      -2.511500
    72   6.0122225013e-06   2.4516931206e-02   6.4277723763e-06   3.4181785016e-02      -2.510900      -2.509800
    73   5.8862118550e-06   2.3734248695e-02   6.0650594659e-06   3.1345908747e-02      -2.506200      -2.503400
    74   5.2977580645e-06   2.0079220306e-02   6.4149522756e-06   3.4081550869e-02      -2.503600      -2.499600
    75   6.4591869854e-06   2.7293135395e-02   5.2564942734e-06   2.5024129799e-02      -2.501100      -2.497100
    76   5.4306064070e-06   2.0904373396e-02   5.4117726236e-06   2.6238175883e-02      -2.490800      -2.486500
    77   5.7586451553e-06   2.2941901163e-02   5.8264332812e-06   2.9480206383e-02      -2.483600      -2.479000
    78   6.5196535132e-06   2.7668707579e-02   6.8693995202e-06   3.7634653389e-02      -2.475000      -2.470500
    79   7.0625934207e-06   3.1041038266e-02   7.3437649633e-06   4.1343486640e-02      -2.431800      -2.434400
    80   7.0974469254e-06   3.1257521788e-02   7.7954069278e-06   4.4874656037e-02      -2.430400      -2.375800
    81   6.2742529208e-06   2.6144465326e-02   6.1153618504e-06   3.1739198686e-02      -1.741500      -1.702800
    82   8.4567544176e-06   3.9700508398e-02   8.3987021891e-06   4.9591528984e-02      -1.056400      -1.051600
    83   7.6400526762e-06   3.4627776948e-02   7.6344977512e-06   4.3616585254e-02      -0.889000      -0.885300
    84   7.6551197393e-06   3.4721362109e-02   7.6358274801e-06   4.3626981759e-02      -0.884200      -0.883100
    85   6.7615303230e-06   2.9171062770e-02   7.2089089531e-06   4.0289112925e-02      -0.860200      -0.858600
    86   6.7236147415e-06   2.8935559950e-02   5.1247539321e-06   2.3994115987e-02      -0.858600      -0.852400
    87   5.5957693275e-06   2.1930240121e-02   6.4050301748e-06   3.4003974776e-02      -0.855700      -0.850200
    88   6.4546731868e-06   2.7265099103e-02   6.6116770753e-06   3.5619646632e-02      -0.851300      -0.846600
    89   7.0847654559e-06   3.1178754123e-02   7.2370963200e-06   4.0509496271e-02      -0.841800      -0.837500
    90   7.2570253160e-06   3.2248701652e-02   6.7182687348e-06   3.6453035102e-02      -0.839700      -0.836100
    91   6.0866031177e-06   2.4978927150e-02   6.7525794527e-06   3.6721293959e-02      -0.813300      -0.807500
    92   6.6338180542e-06   2.8377811073e-02   7.0297591952e-06   3.8888427886e-02      -0.808700      -0.788900
    93   6.1676522622e-06   2.5482342929e-02   5.9916841932e-06   3.0772223089e-02      -0.497500      -0.468200
    94   6.3526859729e-06   2.6631631925e-02   6.2423639441e-06   3.2732166439e-02       0.338700       0.347500
    95   4.6451212144e-06   1.6025535457e-02   4.6084614152e-06   1.9957475288e-02       0.420400       0.422300
    96   4.8850039379e-06   1.7515504897e-02   4.8602108688e-06   2.1925782124e-02       0.420700       0.424600
    97   4.7521861902e-06   1.6690541839e-02   4.6707668176e-06   2.0444611000e-02       0.450800       0.454000
    98   4.8028657299e-06   1.7005324681e-02   4.8284083064e-06   2.1677133318e-02       0.453800       0.461700
    99   6.2952025798e-06   2.6274588709e-02   6.3700988694e-06   3.3730863847e-02       0.511900       0.514900
   100   7.3152339839e-06   3.2610249724e-02   7.2475734042e-06   4.0591411509e-02       0.696900       0.704900
   101   8.9454519817e-06   4.2735926810e-02   8.9384997237e-06   5.3811944013e-02       0.869900       0.872800
   102   9.1109139336e-06   4.3763650892e-02   9.1755795525e-06   5.5665556170e-02       0.871800       0.873300
   103   7.1295019502e-06   3.1456623277e-02   7.0498678979e-06   3.9045648077e-02       0.944600       0.945600
   104   6.8301482442e-06   2.9597265224e-02   6.8468479462e-06   3.7458333573e-02       0.948200       0.954000
   105   7.1906046601e-06   3.1836146942e-02   7.3043228900e-06   4.1035108205e-02       0.958000       0.959200
   106   6.9039939884e-06   3.0055938948e-02   7.2857817608e-06   4.0890144112e-02       0.958300       0.959700
   107   6.5915309188e-06   2.8115155478e-02   6.4020449636e-06   3.3980634858e-02       0.961800       0.962600
   108   6.1838340179e-06   2.5582851716e-02   6.0628910352e-06   3.1328954840e-02       0.966800       0.968000
   109   7.4488430801e-06   3.3440128039e-02   6.3503529895e-06   3.3576480392e-02       0.968500       0.970100
   110   6.6701098358e-06   2.8603228079e-02   7.2512428536e-06   4.0620101154e-02       0.969500       0.971700
   111   6.1239950258e-06   2.5211177307e-02   6.6762160697e-06   3.6124245717e-02       0.970700       0.971900
   112   7.3846449760e-06   3.3041378134e-02   6.4371709035e-06   3.4255267540e-02       0.972000       0.973000
   113   7.5292224914e-06   3.3939383945e-02   7.7105364366e-06   4.4211094844e-02       0.975100       0.976400
   114   6.2358879806e-06   2.5906171431e-02   6.1946250105e-06   3.2358918879e-02       0.977600       0.980800
   115   6.9366152290e-06   3.0258557340e-02   6.8279820419e-06   3.7310830221e-02       0.978300       0.983100
   116   6.7375486768e-06   2.9022106982e-02   7.3022330559e-06   4.1018768807e-02       0.983900       0.988500
   117   6.3922796659e-06   2.6877557899e-02   6.2377270069e-06   3.2695912477e-02       0.990600       0.993900
   118   6.7362086140e-06   2.9013783530e-02   7.0869970507e-06   3.9335942908e-02       0.996700       1.002500
   119   7.2259852396e-06   3.2055904253e-02   6.8295220610e-06   3.7322870883e-02       1.000700       1.004900
   120   6.8071736318e-06   2.9454564367e-02   7.4539266594e-06   4.2204787495e-02       1.001000       1.008200
   121   6.5430971092e-06   2.7814321407e-02   7.3650518564e-06   4.1509918530e-02       1.003400       1.009400
   122   7.0560823725e-06   3.1000596576e-02   6.8849901642e-06   3.7756549070e-02       1.014100       1.036900
   123   6.6158354538e-06   2.8266116805e-02   6.5954558136e-06   3.5492820457e-02       1.096600       1.107100
   124   6.0675637712e-06   2.4860669178e-02   5.7427533706e-06   2.8825953762e-02       1.141900       1.148300
   125   5.7779283326e-06   2.3061673627e-02   5.6571475145e-06   2.8156643106e-02       1.156800       1.158200
   126   5.5982807685e-06   2.1945839287e-02   5.7825286366e-06   2.9136937268e-02       1.156900       1.159000
   127   5.1719867314e-06   1.9298024229e-02   5.5568819057e-06   2.7372714957e-02       1.174200       1.178100
   128   5.6916287157e-06   2.2525645897e-02   5.4945525850e-06   2.6885392238e-02       1.180000       1.179600
   129   5.5058972493e-06   2.1372022973e-02   4.9340157026e-06   2.2502826311e-02       1.180900       1.182900
   130   5.1384512627e-06   1.9089727346e-02   5.3809066575e-06   2.5996849869e-02       1.182700       1.184700
   131   5.2917471253e-06   2.0041884913e-02   4.9895375364e-06   2.2936924592e-02       1.184800       1.187500
   132   4.9101995235e-06   1.7672000755e-02   5.0187760800e-06   2.3165526579e-02       1.188500       1.190300
   133   4.8099206811e-06   1.7049144684e-02   5.5693235832e-06   2.7469990396e-02       1.190500       1.192900
   134   5.9277774685e-06   2.3992422744e-02   4.7252363703e-06   2.0870482006e-02       1.190500       1.193300
   135   5.6023090605e-06   2.1970859980e-02   5.8888481427e-06   2.9968197903e-02       1.192900       1.195600
   136   5.0810605272e-06   1.8733259649e-02   4.8605757917e-06   2.1928635279e-02       1.196700       1.199500
   137   5.1487147319e-06   1.9153476228e-02   4.9058116699e-06   2.2282312663e-02       1.198200       1.201300
   138   5.3391368385e-06   2.0336233849e-02   5.7679937191e-06   2.9023295800e-02       1.199500       1.202900
   139   4.9230909399e-06   1.7752072451e-02   4.9378026516e-06   2.2532434628e-02       1.200100       1.206100
   140   4.9502131284e-06   1.7920534903e-02   5.3749090851e-06   2.5949957760e-02       1.203600       1.207800
   141   5.7482151209e-06   2.2877117704e-02   5.6848508380e-06   2.8373241951e-02       1.206400       1.211000
   142   5.6761196559e-06   2.2429315386e-02   4.9653865700e-06   2.2748099903e-02       1.209100       1.212100
   143   5.2452779588e-06   1.9753253715e-02   5.7147579723e-06   2.8607071324e-02       1.210500       1.212200
   144   5.8869988872e-06   2.3739137142e-02   5.8399961438e-06   2.9586247826e-02       1.371000       1.380200
   145   5.9176355422e-06   2.3929428794e-02   5.8781911695e-06   2.9884876200e-02       1.482000       1.514500
   146   5.8857721424e-06   2.3731517535e-02   5.9202672884e-06   3.0213848960e-02       1.511300       1.541200
   147   7.0014483380e-06   3.0661251413e-02   7.0276485831e-06   3.8871926034e-02       1.965700       1.977200
   148   7.1625606943e-06   3.1661959108e-02   6.3200909079e-06   3.3339875858e-02       2.203100       2.203400
   149   6.6861904144e-06   2.8703108430e-02   7.0899608893e-06   3.9359115724e-02       2.203600       2.208300
   150   6.1115050947e-06   2.5133599334e-02   5.9206590296e-06   3.0216911794e-02       2.205500       2.214600
   151   7.1351559171e-06   3.1491741428e-02   7.2302597137e-06   4.0456044163e-02       2.244500       2.249500
   152   6.6935886109e-06   2.8749060413e-02   6.7143666491e-06   3.6422526587e-02       2.253400       2.254500
   153   6.6103538237e-06   2.8232069079e-02   6.6627922143e-06   3.6019291105e-02       2.260800       2.263500
   154   6.3073147582e-06   2.6349820370e-02   6.3705677340e-06   3.3734529671e-02       2.266000       2.266800
   155   5.1703168999e-06   1.9287652503e-02   5.1420948098e-06   2.4129695897e-02       2.275100       2.278600
   156   5.8807554814e-06   2.3700357844e-02   5.9785485427e-06   3.0669521811e-02       2.275500       2.279200
   157   6.6602772630e-06   2.8542155599e-02   6.5657737572e-06   3.5260750859e-02       2.362300       2.370000
   158   6.7456353325e-06   2.9072335151e-02   6.8035461297e-06   3.7119777679e-02       2.368100       2.412300
   159   7.4421212997e-06   3.3398377440e-02   7.4666741130e-06   4.2304453650e-02       3.318100       3.357100
   160   8.7524913552e-06   4.1537401830e-02   8.6707037743e-06   5.1718177412e-02       3.736000       3.738300
   161   8.0446328435e-06   3.7140721924e-02   7.9691708997e-06   4.6233232229e-02       3.737300       3.744200
   162   5.5783562891e-06   2.1822083541e-02   5.1176011671e-06   2.3938191988e-02       3.741900       3.748500
   163   5.2089645836e-06   1.9527702585e-02   5.1781370384e-06   2.4411492595e-02       3.799300       3.804600
   164   5.6583909062e-06   2.2319197847e-02   6.0647345615e-06   3.1343368477e-02       3.820100       3.823000
   165   6.6582274097e-06   2.8529423466e-02   4.8473134007e-06   2.1824943078e-02       3.822900       3.826200
   166   4.8218311823e-06   1.7123123679e-02   4.6708756771e-06   2.0445462120e-02       3.824100       3.827500
   167   4.8304118378e-06   1.7176420199e-02   5.1547315047e-06   2.4228496083e-02       3.826600       3.828400
   168   5.1311664124e-06   1.9044479384e-02   5.0094026525e-06   2.3092240297e-02       3.827000       3.831400
   169   5.3002680903e-06   2.0094810682e-02   6.3635224813e-06   3.3679446259e-02       3.830000       3.831700
   170   4.6899654048e-06   1.6304073537e-02   6.1263765040e-06   3.1825316918e-02       3.831800       3.833400
   171   4.8634926930e-06   1.7381893367e-02   5.6184544938e-06   2.7854121150e-02       3.835500       3.837000
   172   5.3745272449e-06   2.0556052197e-02   5.7358713608e-06   2.8772146666e-02       3.835700       3.838700
   173   5.2195265291e-06   1.9593305376e-02   5.1659834914e-06   2.4316469908e-02       3.837800       3.841600
   174   5.3540763404e-06   2.0429026698e-02   6.2477345640e-06   3.2774156711e-02       3.851500       3.854900
   175   6.2529736045e-06   2.6012294360e-02   6.4295544746e-06   3.4195718378e-02       3.852000       3.857100
   176   7.9147130571e-06   3.6333758803e-02   7.9197119682e-06   4.5846536839e-02       3.978900       3.990400
   177   6.7256067052e-06   2.8947932517e-02   8.0398763198e-06   4.6786043604e-02       3.987100       3.991200
   178   7.4524971231e-06   3.3462824181e-02   7.9780938445e-06   4.6302996404e-02       3.991100       3.996200
   179   6.3190756550e-06   2.6422870136e-02   6.4885961891e-06   3.4657336898e-02       4.007400       4.019300
   180   8.5059218812e-06   4.0005899371e-02   8.5691063000e-06   5.0923836052e-02       4.374400       4.377300
   181   8.5967418571e-06   4.0570004141e-02   8.4891554800e-06   5.0298739380e-02       4.375100       4.380100
   182   6.4629524437e-06   2.7316523564e-02   6.5139420457e-06   3.4855503854e-02       4.389800       4.398200
   183   8.2563943651e-06   3.8456023798e-02   8.0942890547e-06   4.7211470379e-02       4.463500       4.464200
   184   7.5331930911e-06   3.3964046297e-02   7.2656902836e-06   4.0733058600e-02       4.470300       4.477100
   185   6.8144173988e-06   2.9499557150e-02   6.7617874595e-06   3.6793286897e-02       4.470600       4.477200
   186   6.6972124244e-06   2.8771568792e-02   5.9989710062e-06   3.0829195144e-02       4.475400       4.479400
   187   7.1647115245e-06   3.1675318433e-02   6.5875402779e-06   3.5430932723e-02       4.482100       4.484000
   188   8.3982309210e-06   3.9337004849e-02   7.7521353037e-06   4.4536336203e-02       4.483500       4.489800
   189   6.7254395244e-06   2.8946894117e-02   7.2351505683e-06   4.0494283382e-02       4.492000       4.494900
   190   7.1573449564e-06   3.1629562902e-02   7.9463000838e-06   4.6054416415e-02       4.493000       4.495200
   191   7.2063317222e-06   3.1933831517e-02   7.5121919271e-06   4.2660335355e-02       4.494200       4.496300
   192   7.6434364299e-06   3.4648794258e-02   6.7631613686e-06   3.6804028825e-02       4.494700       4.497200
   193   6.7033676426e-06   2.8809800337e-02   7.0995724009e-06   3.9434263470e-02       4.497100       4.499500
   194   6.3640940163e-06   2.6702490034e-02   8.1648353656e-06   4.7763037757e-02       4.497300       4.500200
   195   6.9979796226e-06   3.0639706386e-02   6.6475157257e-06   3.5899851651e-02       4.498900       4.502000
   196   6.7565224347e-06   2.9139957568e-02   7.5853785350e-06   4.3232545934e-02       4.500600       4.503000
   197   6.9263626990e-06   3.0194876404e-02   7.0665170744e-06   3.9175819910e-02       4.511900       4.515100
   198   6.9282232557e-06   3.0206432770e-02   6.2165682206e-06   3.2530482193e-02       4.512000       4.516800
   199   6.1981465887e-06   2.5671750545e-02   6.8415941064e-06   3.7417256349e-02       4.514600       4.518700
   200   8.6002498002e-06   4.0591792821e-02   8.5353212802e-06   5.0659687374e-02       4.531200       4.535200
   201   8.9797738416e-06   4.2949108158e-02   8.4569715666e-06   5.0047108976e-02       4.686100       4.692800
   202   9.0360579540e-06   4.3298702353e-02   9.2626867523e-06   5.6346605104e-02       4.692100       4.743900
   203   8.5540142486e-06   4.0304612661e-02   8.6898063021e-06   5.1867530809e-02       5.253100       5.257400
   204   8.5574257598e-06   4.0325802380e-02   8.4917335542e-06   5.0318896092e-02       5.256200       5.259000
   205   5.5354473143e-06   2.1555565552e-02   5.4960254952e-06   2.6896908209e-02       5.298400       5.309100
   206   5.1302689953e-06   1.9038905310e-02   5.2450473321e-06   2.4934631719e-02       5.368900       5.371800
   207   5.1294357219e-06   1.9033729648e-02   5.1012890322e-06   2.3810655319e-02       5.370800       5.371900
   208   5.5271342934e-06   2.1503931374e-02   5.5065318762e-06   2.6979052504e-02       5.378900       5.379400
   209   4.8241097693e-06   1.7137276532e-02   5.6074019591e-06   2.7767706744e-02       5.381700       5.382700
   210   4.9786642317e-06   1.8097251566e-02   5.3141509987e-06   2.5474919761e-02       5.382000       5.382700
   211   5.6532869654e-06   2.2287496040e-02   5.1602693565e-06   2.4271793859e-02       5.382300       5.383500
   212   5.5196697423e-06   2.1457567248e-02   5.6634846643e-06   2.8206190205e-02       5.382700       5.385100
   213   5.6211892875e-06   2.2088129623e-02   5.6465377159e-06   2.8073690238e-02       5.384600       5.386600
   214   5.6275394102e-06   2.2127571766e-02   5.5477872858e-06   2.7301608536e-02       5.387400       5.390000
   215   5.3473846144e-06   2.0387462775e-02   5.2699675151e-06   2.5129470539e-02       5.389900       5.391800
   216   5.0052941711e-06   1.8262656541e-02   5.0106672404e-06   2.3102127496e-02       5.392000       5.393900
   217   4.5843428591e-06   1.5648026437e-02   4.9263914896e-06   2.2443216289e-02       5.399000       5.403800
   218   4.8879907124e-06   1.7534056474e-02   4.7086891678e-06   2.0741107457e-02       5.399500       5.404000
   219   5.8429630846e-06   2.3465620154e-02   5.6714731975e-06   2.8268648671e-02       5.405600       5.408700
   220   5.4683238169e-06   2.1138645324e-02   5.5552079952e-06   2.7359627463e-02       5.408400       5.413700
   221   5.0381549835e-06   1.8466762971e-02   5.0712428590e-06   2.3575738869e-02       5.421000       5.424000
   222   5.2062824697e-06   1.9511043329e-02   5.2580637672e-06   2.5036400910e-02       5.440800       5.442500
   223   5.2911116283e-06   2.0037937688e-02   5.3295367012e-06   2.5595213104e-02       5.443900       5.458500
   224   5.1891942862e-06   1.9404904501e-02   5.3857260054e-06   2.6034530012e-02       5.546200       5.549600
   225   5.0543898673e-06   1.8567601749e-02   5.1547851079e-06   2.4228915181e-02       5.556800       5.567600
   226   5.2393482181e-06   1.9716422666e-02   5.1459294843e-06   2.4159677356e-02       5.566900       5.567700
   227   1.2509436756e-05   6.4872695641e-02   1.2041075821e-05   7.8069481237e-02       5.608600       5.628400
   228   6.1668899533e-06   2.5477608045e-02   6.1388440919e-06   3.1922794940e-02       5.776000       5.777400
   229   6.1060877633e-06   2.5099950982e-02   6.0353427288e-06   3.1113567998e-02       5.779700       5.785900
   230   8.8559490280e-06   4.2180002383e-02   8.6484144469e-06   5.1543907975e-02       5.829000       5.834500
   231   5.5681305472e-06   2.1758568992e-02   5.6497525310e-06   2.8098825318e-02       5.866800       5.870600
   232   5.6059128393e-06   2.1993243920e-02   5.2940552749e-06   2.5317801046e-02       5.869100       5.871600
   233   5.4236243304e-06   2.0861006035e-02   5.6157879027e-06   2.7833272368e-02       5.870400       5.871900
   234   5.3786203947e-06   2.0581475738e-02   5.5684344536e-06   2.7463038724e-02       5.870900       5.873800
   235   5.1768978060e-06   1.9328528097e-02   5.4926598786e-06   2.6870594086e-02       5.872900       5.876800
   236   5.3727204356e-06   2.0544829669e-02   5.5387635472e-06   2.7231056302e-02       5.874500       5.877700
   237   5.6551998394e-06   2.2299377362e-02   5.6012887956e-06   2.7719910884e-02       5.878400       5.882400
   238   5.4889830935e-06   2.1266965073e-02   5.5285443731e-06   2.7151157538e-02       5.880600       5.883700
   239   5.7706213393e-06   2.3016288130e-02   5.6875732694e-06   2.8394527322e-02       5.881200       5.885300
   240   5.4797030931e-06   2.1209324752e-02   5.5097683872e-06   2.7004357214e-02       5.889500       5.892500
   241   5.5873571380e-06   2.1877989984e-02   5.5281609958e-06   2.7148160097e-02       5.890900       5.892800
   242   5.5709434491e-06   2.1776040604e-02   5.4325928374e-06   2.6400959033e-02       5.893000       5.898400
   243   5.5419338620e-06   2.1595855064e-02   5.5091993812e-06   2.6999908432e-02       5.900700       5.901700
   244   5.5305405044e-06   2.1525088172e-02   5.6089824049e-06   2.7780063483e-02       5.903300       5.905700
   245   5.4508619912e-06   2.1030185714e-02   5.5398065836e-06   2.7239211298e-02       5.919100       5.922900
   246   6.2496705669e-06   2.5991778398e-02   6.4471775096e-06   3.4333504338e-02       5.921300       5.929700
   247   5.7470465481e-06   2.2869859417e-02   5.7983297990e-06   2.9260478891e-02       5.928200       5.933500
   248   5.8770390138e-06   2.3677273967e-02   5.6454517613e-06   2.8065199686e-02       5.930500       5.939200
   249   6.6000029049e-06   2.8167777026e-02   6.2680374052e-06   3.2932894775e-02       5.937500       5.946100
   250   6.5047138850e-06   2.7575913946e-02   5.9419411588e-06   3.0383306437e-02       5.956400       5.965200
   251   6.6301054377e-06   2.8354751116e-02   6.4845696194e-06   3.4625855103e-02       5.959400       5.966100
   252   5.6152599076e-06   2.2051300814e-02   5.7948158224e-06   2.9233004813e-02       6.003200       6.007900
   253   5.6175564772e-06   2.2065565362e-02   5.6455955631e-06   2.8066324003e-02       6.010900       6.014300
   254   7.0594480979e-06   3.1021501908e-02   6.9912832811e-06   3.8587603381e-02       6.279400       6.290800
   255   6.8538387360e-06   2.9744412581e-02   6.5718738033e-06   3.5308444159e-02       6.312600       6.341900
   256   6.9105741097e-06   3.0096809669e-02   6.7612375938e-06   3.6788987764e-02       6.336600       6.359100
   257   5.7410508778e-06   2.2832618863e-02   5.8575325562e-06   2.9723356526e-02       6.858200       6.860000
   258   5.8165290011e-06   2.3301431687e-02   5.7482875767e-06   2.8869223034e-02       6.858500       6.863800
   259   5.0109742519e-06   1.8297936893e-02   4.9919672887e-06   2.2955921647e-02       6.911500       6.917100
   260   5.3128397668e-06   2.0172896396e-02   5.4271679114e-06   2.6358544169e-02       6.929800       6.933100
   261   5.3469563942e-06   2.0384802996e-02   5.5769826040e-06   2.7529872564e-02       6.934000       6.944800
   262   4.9484908759e-06   1.7909837577e-02   4.6585232648e-06   2.0348884601e-02       6.943600       6.948500
   263   5.4495138335e-06   2.1021811981e-02   5.4200552669e-06   2.6302933852e-02       7.012100       7.054900
   264   7.5614368743e-06   3.4139475245e-02   7.5568844738e-06   4.3009764694e-02       7.390100       7.397600
   265   7.4934512433e-06   3.3717200097e-02   7.3808242438e-06   4.1633235174e-02       7.396600       7.405700
   266   6.3936202189e-06   2.6885884397e-02   6.3573059135e-06   3.3630841931e-02       7.448800       7.455200
   267   5.8511163207e-06   2.3516261870e-02   5.8168040600e-06   2.9404920175e-02       7.475700       7.477200
   268   6.0764917166e-06   2.4916122799e-02   5.8578529813e-06   2.9725861775e-02       7.478100       7.481000
   269   5.7756343122e-06   2.3047424913e-02   5.8125403802e-06   2.9371584531e-02       7.483400       7.487400
   270   6.1254596808e-06   2.5220274633e-02   6.0205685542e-06   3.0998055894e-02       7.485700       7.489200
   271   6.4632416659e-06   2.7318319993e-02   6.4165613368e-06   3.4094131337e-02       7.493000       7.497000
   272   5.6582995245e-06   2.2318630253e-02   5.6399672805e-06   2.8022319192e-02       7.502400       7.507100
   273   5.7701533887e-06   2.3013381576e-02   5.6975825916e-06   2.8472785356e-02       7.561500       7.564200
   274   5.7397763310e-06   2.2824702345e-02   5.7550500401e-06   2.8922095454e-02       7.562600       7.575700
   275   8.2359367904e-06   3.8328956869e-02   8.2991027632e-06   4.8812809396e-02       7.737400       7.742200
   276   8.1536748955e-06   3.7818008403e-02   8.0461521988e-06   4.6835111657e-02       7.741200       7.743400
   277   8.0600771873e-06   3.7236650468e-02   7.0667984448e-06   3.9178019809e-02       7.828700       7.841300
   278   5.7482752219e-06   2.2877491006e-02   5.9233469167e-06   3.0237927080e-02       7.854600       7.862300
   279   5.6690720943e-06   2.2385541282e-02   5.6875844744e-06   2.8394614928e-02       7.859900       7.869300
   280   5.6180450030e-06   2.2068599713e-02   5.6290283406e-06   2.7936792928e-02       7.870200       7.874100
   281   5.4969667292e-06   2.1316553359e-02   5.5056228865e-06   2.6971945555e-02       7.871800       7.876400
   282   5.6216285789e-06   2.2090858167e-02   5.7611277783e-06   2.8969614340e-02       7.880700       7.883800
   283   5.8365449458e-06   2.3425755546e-02   5.5576844467e-06   2.7378989636e-02       7.882500       7.885400
   284   5.6618960410e-06   2.2340969084e-02   5.6870992266e-06   2.8390821011e-02       7.906200       7.910500
   285   6.9920803335e-06   3.0603064479e-02   6.9703434968e-06   3.8423885367e-02       7.931800       7.936500
   286   6.6802029624e-06   2.8665918922e-02   6.7755809099e-06   3.6901131193e-02       7.932100       7.939500
   287   6.9209436370e-06   3.0161217303e-02   6.7006110753e-06   3.6314978430e-02       7.937500       7.939500
   288   9.9140545394e-06   4.8752150860e-02   1.0264802198e-05   6.4181659578e-02       8.049100       8.052000
   289   9.9300254926e-06   4.8851350301e-02   9.7702801451e-06   6.0315231573e-02       8.056300       8.065300
   290   9.7692669194e-06   4.7852840039e-02   9.4654463180e-06   5.7931883775e-02       8.123000       8.125700
   291   9.8755454171e-06   4.8512961415e-02   9.6482621152e-06   5.9361231796e-02       8.155700       8.158500
   292   7.9852316301e-06   3.6771766665e-02   7.7127577697e-06   4.4228462369e-02       8.156600       8.164900
   293   7.5406966060e-06   3.4010652437e-02   7.5452376830e-06   4.2918704087e-02       8.175200       8.177000
   294   6.1733140492e-06   2.5517509654e-02   6.4867325575e-06   3.4642766067e-02       8.181100       8.183200
   295   6.9846386682e-06   3.0556842501e-02   7.6360894109e-06   4.3629029669e-02       8.181100       8.185500
   296   7.1347834783e-06   3.1489428121e-02   8.3266119876e-06   4.9027890674e-02       8.183400       8.185600
   297   8.6411371367e-06   4.0845753928e-02   7.1160968185e-06   3.9563459874e-02       8.184000       8.188400
   298   7.1828122668e-06   3.1787746508e-02   8.0796686156e-06   4.7097160259e-02       8.191200       8.193500
   299   7.9482364822e-06   3.6541980880e-02   7.2628241087e-06   4.0710649369e-02       8.192100       8.195600
   300   7.0996235956e-06   3.1271041612e-02   6.8026993895e-06   3.7113157428e-02       8.193400       8.197100
   301   6.8404137865e-06   2.9661026983e-02   6.9901993641e-06   3.8579128760e-02       8.194800       8.197700
   302   7.5609089230e-06   3.4136196012e-02   8.2235649191e-06   4.8222215642e-02       8.199100       8.199500
   303   9.0265025218e-06   4.3239351259e-02   9.2242287467e-06   5.6045920616e-02       8.212300       8.212800
   304   6.5752819481e-06   2.8014229203e-02   6.8391495638e-06   3.7398143657e-02       8.213000       8.220700
   305   6.7810290886e-06   2.9292174304e-02   6.6417650962e-06   3.5854890270e-02       8.216400       8.220700
   306   6.9702160165e-06   3.0467259933e-02   7.1075731079e-06   3.9496817117e-02       8.219000       8.224000
   307   6.8593261574e-06   2.9778496279e-02   6.9212531562e-06   3.8040071811e-02       8.226400       8.230400
   308   7.9985632294e-06   3.6854572442e-02   7.8760658964e-06   4.5505289380e-02       8.243000       8.245300
   309   8.1989055324e-06   3.8098946796e-02   7.6470301091e-06   4.3714569680e-02       8.252600       8.253400
   310   7.6882609704e-06   3.4927210288e-02   8.2392961124e-06   4.8345210210e-02       8.252800       8.258100
   311   7.5321642835e-06   3.3957656125e-02   7.5608401224e-06   4.3040691991e-02       8.279100       8.283500
   312   7.2973128492e-06   3.2498937236e-02   7.3975031334e-06   4.1763639320e-02       8.284800       8.286700
   313   6.6011254673e-06   2.8174749532e-02   7.0866531275e-06   3.9333253940e-02       8.315600       8.323200
   314   7.0238347604e-06   3.0800298881e-02   7.3004499687e-06   4.1004827713e-02       8.333600       8.340800
   315   8.0119830107e-06   3.6937925940e-02   7.1881625092e-06   4.0126906546e-02       8.342300       8.343600
   316   5.8429153775e-06   2.3465323834e-02   6.5048836203e-06   3.4784680420e-02       8.349100       8.350500
   317   6.0245211210e-06   2.4593320898e-02   6.0996375526e-06   3.1616258030e-02       8.351500       8.355200
   318   6.4126161378e-06   2.7003872630e-02   6.1218371709e-06   3.1789826076e-02       8.351600       8.362100
   319   6.0644704550e-06   2.4841455844e-02   6.5903329101e-06   3.5452766960e-02       8.359400       8.363200
   320   6.2482435805e-06   2.5982915041e-02   6.4737793531e-06   3.4541491246e-02       8.361300       8.367700
   321   7.3669806046e-06   3.2931660464e-02   7.3040910406e-06   4.1033295487e-02       8.369500       8.370900
   322   7.4222254272e-06   3.3274799378e-02   7.5808346752e-06   4.3197019698e-02       8.370700       8.372000
   323   6.6845299415e-06   2.8692794833e-02   6.7696048677e-06   3.6854407419e-02       8.372200       8.374100
   324   6.6553413159e-06   2.8511497241e-02   7.7319714846e-06   4.4378685084e-02       8.372300       8.375700
   325   7.0893389893e-06   3.1207161442e-02   6.4925176059e-06   3.4687996553e-02       8.375200       8.378200
   326   7.6883651064e-06   3.4927857101e-02   7.5144767677e-06   4.2678199414e-02       8.376400       8.378300
   327   6.0989941673e-06   2.5055890946e-02   6.6025830389e-06   3.5548544774e-02       8.380300       8.381300
   328   6.7312951498e-06   2.8983264818e-02   6.1289729233e-06   3.1845617062e-02       8.380300       8.381500
   329   7.5513215882e-06   3.4076646764e-02   6.8868888099e-06   3.7771393660e-02       8.380900       8.384200
   330   6.6345381238e-06   2.8382283598e-02   7.2229191912e-06   4.0398652179e-02       8.382600       8.385000
   331   7.5866197565e-06   3.4295892199e-02   6.9092870567e-06   3.7946514685e-02       8.385700       8.387200
   332   6.7758063472e-06   2.9259734599e-02   6.8453069615e-06   3.7446285362e-02       8.386500       8.387800
   333   5.8832351375e-06   2.3715759585e-02   5.6900225787e-06   2.8413677283e-02       8.387100       8.389000
   334   6.5782991302e-06   2.8032969648e-02   6.8802416759e-06   3.7719422945e-02       8.390000       8.392200
   335   6.8461830551e-06   2.9696861301e-02   7.7025083739e-06   4.4148327316e-02       8.390600       8.393100
   336   7.9323898582e-06   3.6443553678e-02   7.0429042975e-06   3.8991203064e-02       8.391100       8.393300
   337   8.7516197982e-06   4.1531988379e-02   8.9659997108e-06   5.4026953070e-02       8.394800       8.396500
   338   6.8551877910e-06   2.9752791887e-02   6.8447700641e-06   3.7442087621e-02       8.401300       8.403500
   339   5.7883847285e-06   2.3126620824e-02   7.7072796224e-06   4.4185631393e-02       8.403400       8.410800
   340   9.1921089892e-06   4.4267972962e-02   7.2828564654e-06   4.0867272647e-02       8.404700       8.413600
   341   7.4176462714e-06   3.3246357137e-02   8.3935700635e-06   4.9551403384e-02       8.417100       8.425000
   342   6.2190458939e-06   2.5801561169e-02   6.2956212803e-06   3.3148559712e-02       8.451200       8.454800
   343   6.5558218397e-06   2.7893357776e-02   6.6459819066e-06   3.5887859464e-02       8.454100       8.457400
   344   6.1991133900e-06   2.5677755581e-02   6.7685359093e-06   3.6846049751e-02       8.468700       8.471100
   345   6.8449122326e-06   2.9688967917e-02   6.0302328803e-06   3.1073616571e-02       8.469300       8.471400
   346   7.0573735489e-06   3.1008616384e-02   6.7767161499e-06   3.6910007084e-02       8.476300       8.479200
   347   6.7543457400e-06   2.9126437592e-02   6.2448564228e-06   3.2751653921e-02       8.476900       8.480100
   348   7.2025921582e-06   3.1910604183e-02   6.5983511811e-06   3.5515457931e-02       8.479400       8.483600
   349   6.4380704755e-06   2.7161975659e-02   6.2242874366e-06   3.2590834997e-02       8.483500       8.487300
   350   9.1080522675e-06   4.3745876394e-02   9.0982622261e-06   5.5061049507e-02       8.510300       8.512000
   351   6.8156275726e-06   2.9507073831e-02   7.0760921533e-06   3.9250682806e-02       8.516100       8.522400
   352   6.9977874113e-06   3.0638512515e-02   6.6708532383e-06   3.6082316340e-02       8.522300       8.528600
   353   8.3232138330e-06   3.8871055626e-02   6.6897593624e-06   3.6230134151e-02       8.537100       8.549700
   354   7.2684750724e-06   3.2319818850e-02   1.0896608445e-05   6.9121446088e-02       8.546500       8.560100
   355   9.5397651353e-06   4.6427349117e-02   9.6027472019e-06   5.9005372772e-02       8.576300       8.600200
   356   8.6529936850e-06   4.0919397808e-02   8.7436534349e-06   5.2288535415e-02       8.940800       8.949900
   357   8.7990100232e-06   4.1826340494e-02   8.6491157379e-06   5.1549391029e-02       8.954600       8.962100
   358   8.7298593998e-06   4.1396829298e-02   8.8614890796e-06   5.3209835150e-02       8.962500       8.974700
   359   7.6260395495e-06   3.4540738039e-02   7.7040991010e-06   4.4160764439e-02       9.114100       9.117600
   360   7.5909170688e-06   3.4322583842e-02   7.6139756195e-06   4.3456132663e-02       9.117000       9.121300
   361   7.1057289564e-06   3.1308963480e-02   7.2476412642e-06   4.0591942074e-02       9.174000       9.175700
   362   7.2639867287e-06   3.2291940665e-02   7.1403989906e-06   3.9753466767e-02       9.176000       9.185800
   363   7.7907868709e-06   3.5564023378e-02   7.5771674753e-06   4.3168347641e-02       9.186900       9.192100
   364   7.7722123630e-06   3.5448652631e-02   7.5634226801e-06   4.3060883756e-02       9.201500       9.204400
   365   7.1025572769e-06   3.1289263414e-02   6.9420808621e-06   3.8202913538e-02       9.201600       9.204700
   366   6.4108922030e-06   2.6993164856e-02   6.5560959652e-06   3.5185084898e-02       9.205200       9.206300
   367   7.1177952364e-06   3.1383910055e-02   7.1947689185e-06   4.0178558855e-02       9.206100       9.207100
   368   6.5594266195e-06   2.7915747933e-02   6.4037478577e-06   3.3993948961e-02       9.207800       9.208800
   369   7.3972115309e-06   3.3119432037e-02   7.0729522928e-06   3.9226133760e-02       9.209400       9.212400
   370   7.3434418524e-06   3.2785455598e-02   7.2354652674e-06   4.0496743862e-02       9.212500       9.217300
   371   7.8496562425e-06   3.5929675240e-02   7.4280075849e-06   4.2002138827e-02       9.218000       9.220000
   372   7.4832601980e-06   3.3653901057e-02   7.7452476343e-06   4.4482484857e-02       9.220300       9.222700
   373   7.4401969469e-06   3.3386424821e-02   7.3053261975e-06   4.1042952580e-02       9.225100       9.226500
   374   8.3327943883e-06   3.8930562765e-02   8.2951063340e-06   4.8781563255e-02       9.230700       9.231500
   375   7.1832677454e-06   3.1790575596e-02   7.2835624598e-06   4.0872792474e-02       9.233000       9.239700
   376   6.7119297656e-06   2.8862981748e-02   7.0365368993e-06   3.8941419466e-02       9.241300       9.244900
   377   8.1827246765e-06   3.7998443598e-02   7.9757087148e-06   4.6284348233e-02       9.260600       9.261900
   378   7.8475489599e-06   3.5916586400e-02   8.4004313397e-06   4.9605048374e-02       9.261200       9.279500
   379   8.3998414071e-06   3.9347007967e-02   8.8469149846e-06   5.3095887373e-02       9.306000       9.322400
   380   1.3537438116e-05   7.1257859978e-02   1.4085142839e-05   9.4051049529e-02       9.952000       9.967200
   381   9.0612975104e-06   4.3455471324e-02   1.0062690737e-05   6.2601448121e-02      10.042800      10.072400
   382   8.8219434832e-06   4.1968785744e-02   9.0292851365e-06   5.4521751109e-02      10.082700      10.124700
   383   1.0929872563e-05   5.5061641555e-02   9.8355544148e-06   6.0825579418e-02      10.357100      10.453300
   384   8.0842040554e-06   3.7386508264e-02   7.0631096977e-06   3.9149179285e-02      10.539800      10.549300
   385   7.9395599669e-06   3.6488088952e-02   7.7879218260e-06   4.4816133658e-02      10.541100      10.556100
   386   6.5493686374e-06   2.7853275381e-02   6.6516949687e-06   3.5932527125e-02      10.576900      10.588300
   387   6.2248216228e-06   2.5837435614e-02   6.4476452002e-06   3.4337160984e-02      10.590400      10.594400
   388   5.5992154502e-06   2.1951644821e-02   6.6516735012e-06   3.5932359281e-02      10.593800      10.599000
   389   6.2681108671e-06   2.6106315549e-02   5.9731923980e-06   3.0627644714e-02      10.594700      10.601000
   390   6.4669750774e-06   2.7341509112e-02   6.2836549632e-06   3.3055000884e-02      10.605200      10.608900
   391   6.1313841588e-06   2.5257072994e-02   5.9397228915e-06   3.0365962881e-02      10.610600      10.613100
   392   6.4206831673e-06   2.7053978895e-02   6.4466446594e-06   3.4329338241e-02      10.621200      10.622700
   393   1.0515335598e-05   5.2486852506e-02   1.0722369433e-05   6.7759155792e-02      10.689300      10.692900
   394   7.8396247212e-06   3.5867367043e-02   7.9214114015e-06   4.5859823884e-02      10.699000      10.703500
   395   8.2159314242e-06   3.8204698716e-02   8.4883574882e-06   5.0292500269e-02      10.703600      10.704800
   396   7.7061958250e-06   3.5038607994e-02   8.1274798022e-06   4.7470972730e-02      10.781000      10.784100
   397   8.0554630955e-06   3.7207991231e-02   7.7431837810e-06   4.4466348590e-02      10.781600      10.786700
   398   7.2340051524e-06   3.2105717865e-02   7.2911345516e-06   4.0931994986e-02      10.830500      10.831100
   399   7.5620213420e-06   3.4143105515e-02   7.3428392885e-06   4.1336249238e-02      10.831500      10.839000
   400   9.2677942245e-06   4.4738072208e-02   7.6673918322e-06   4.3873768114e-02      10.842500      10.846100
   401   7.5522934941e-06   3.4082683506e-02   8.3025835974e-06   4.8840024350e-02      10.842800      10.847700
   402   9.7288653545e-06   4.7601896177e-02   9.7521910397e-06   6.0173801634e-02      10.847100      10.850000
   403   7.4124252945e-06   3.3213928391e-02   8.7226717938e-06   5.2124490142e-02      10.860400      10.864900
   404   8.9127344500e-06   4.2532710332e-02   7.1355709552e-06   3.9715718701e-02      10.863300      10.867500
   405   6.8429272467e-06   2.9676638690e-02   7.2735621382e-06   4.0794604811e-02      10.866100      10.870400
   406   8.4189337619e-06   3.9465595185e-02   7.8379759110e-06   4.5207482263e-02      10.868900      10.872800
   407   7.6705074380e-06   3.4816938817e-02   8.3279874436e-06   4.9038644698e-02      10.870300      10.874700
   408   7.5328075420e-06   3.3961651559e-02   7.4669845696e-06   4.2306880959e-02      10.894600      10.901000
   409   7.2787164934e-06   3.2383430785e-02   7.2078037533e-06   4.0280471904e-02      10.900900      10.904400
   410   7.7885587421e-06   3.5550183933e-02   7.9112542628e-06   4.5780410144e-02      10.909500      10.914000
   411   7.5925478623e-06   3.4332713093e-02   7.5676571982e-06   4.3093991399e-02      10.911700      10.915200
   412   6.8308636153e-06   2.9601708567e-02   6.8349325736e-06   3.7365173056e-02      10.922200      10.924500
   413   6.8221052531e-06   2.9547308267e-02   7.1849437344e-06   4.0101740507e-02      10.936500      10.942200
   414   1.6485224528e-05   8.9567272196e-02   1.5110299548e-05   1.0206625246e-01      11.505200      11.513800
   415   1.1183989570e-05   5.6640023558e-02   1.1895171228e-05   7.6928724012e-02      11.550800      11.555400
   416   9.6184960896e-06   4.6916366059e-02   1.0516547983e-05   6.6149937730e-02      11.557400      11.582700
   417   1.5416679024e-05   8.2930278408e-02   7.1793364160e-06   4.0057899605e-02      11.631100      11.754500
   418   7.2745605952e-06   3.2357617499e-02   7.1575557122e-06   3.9887606850e-02      11.754800      11.761000
   419   7.3247835546e-06   3.2669564411e-02   2.1896718222e-05   1.5512596750e-01      11.755400      11.770800
   420   7.6192049179e-06   3.4498286494e-02   7.6033647317e-06   4.3373171279e-02      11.780700      11.785100
   421   7.5688341099e-06   3.4185421259e-02   7.4784657450e-06   4.2396646700e-02      11.787000      11.788100
   422   7.2829215505e-06   3.2409549409e-02   7.2441421670e-06   4.0564584330e-02      11.788500      11.792700
   423   7.3532428224e-06   3.2846331786e-02   7.2830502267e-06   4.0868787572e-02      11.790200      11.793600
   424   7.4256494393e-06   3.3296066743e-02   7.1560333014e-06   3.9875703858e-02      11.801800      11.805600
   425   7.5042563321e-06   3.3784313109e-02   7.5440886500e-06   4.2909720356e-02      11.804000      11.806000
   426   7.4595866559e-06   3.3506858978e-02   7.5612999443e-06   4.3044287115e-02      11.823300      11.832100
   427   1.5438717818e-05   8.3067166669e-02   1.2201642165e-05   7.9324871583e-02      12.850800      12.894800
   428   6.4635314033e-06   2.7320119622e-02   4.9951815738e-06   2.2981052582e-02      12.987800      13.033600
   429   6.2238717214e-06   2.5831535547e-02   5.7211096702e-06   2.8656732169e-02      13.027300      13.048100
   430   7.2293784806e-05   4.3620769745e-01   7.8624046612e-05   5.9864942573e-01      13.615300      13.697400
   431   1.2563225862e-04   7.6750582004e-01   8.7736790941e-05   6.6989755241e-01      14.334300      15.099200
   432   1.6306345392e-04   1.0000000000e+00   1.2995739867e-04   1.0000000000e+00      14.981100      15.614800
   433   3.7695167866e-06   1.0586945218e-02   3.7720396621e-06   1.3417899408e-02      17.329300      17.331800
   434   3.8327462514e-06   1.0979678671e-02   3.8108819036e-06   1.3721588049e-02      17.339800      17.342100
   435   4.2038835670e-06   1.3284902032e-02   4.1738661671e-06   1.6559585896e-02      17.345800      17.352600
   436   3.9081491932e-06   1.1448024524e-02   3.8442895575e-06   1.3982786286e-02      17.391900      17.396900
   437   3.9148531697e-06   1.1489664539e-02   3.9122900786e-06   1.4514449368e-02      17.393000      17.398500
   438   4.0856427422e-06   1.2550479757e-02   4.1054619097e-06   1.6024766195e-02      17.416500      17.422100
   439   4.8997080977e-06   1.7606835979e-02   4.8926930796e-06   2.2179744770e-02      17.882700      17.885700
   440   4.0020468960e-06   1.2031245798e-02   4.0399216139e-06   1.5512338420e-02      17.956400      17.958600
   441   4.0259468239e-06   1.2179694013e-02   3.9239356826e-06   1.4605500696e-02      17.957700      17.965700
   442   3.9852300042e-06   1.1926792028e-02   3.9297684077e-06   1.4651103944e-02      17.974600      17.978200
   443   4.0481442393e-06   1.2317567513e-02   4.0645225769e-06   1.5704681414e-02      17.980900      17.983600
   444   4.7089779498e-06   1.6422165039e-02   4.7441824216e-06   2.1018611988e-02      18.021000      18.025700
   445   4.0524373280e-06   1.2344232922e-02   4.0584056945e-06   1.5656856478e-02      18.097700      18.100400
   446   4.0187536219e-06   1.2135015301e-02   4.0439139180e-06   1.5543552309e-02      18.112900      18.115400
   447   4.5482267494e-06   1.5423700570e-02   4.6050553708e-06   1.9930845079e-02      18.137000      18.152000
   448   4.9103305185e-06   1.7672814396e-02   4.7526710573e-06   2.1084980513e-02      18.214400      18.220700
   449   4.7088746337e-06   1.6421523318e-02   4.8428618159e-06   2.1790138297e-02      18.216200      18.224400
   450   5.0465335891e-06   1.8518804511e-02   5.0635549024e-06   2.3515630466e-02      18.231500      18.236400
   451   4.3208963409e-06   1.4011696586e-02   4.3980474425e-06   1.8312350522e-02      18.804800      18.810800
   452   4.3806356166e-06   1.4382751633e-02   4.3655235887e-06   1.8058062288e-02      18.806900      18.814100
   453   4.3272677465e-06   1.4051270923e-02   4.3604968531e-06   1.8018760682e-02      18.836400      18.842300
   454   8.0482876951e-06   3.7163423089e-02   7.9854006434e-06   4.6360124720e-02      19.392900      19.399000
   455   4.6749643022e-06   1.6210898072e-02   4.6817578927e-06   2.0530544883e-02      19.501900      19.504400
   456   4.0938808435e-06   1.2601648590e-02   4.1329678424e-06   1.6239821737e-02      19.505500      19.507300
   457   4.6140625664e-06   1.5832622705e-02   4.6385588054e-06   2.0192792180e-02      19.511200      19.512200
   458   4.6068375491e-06   1.5787746380e-02   4.4338256435e-06   1.8592082917e-02      19.538800      19.546100
   459   4.4876008152e-06   1.5047138274e-02   4.7397486127e-06   2.0983946188e-02      19.544300      19.548500
   460   4.2818273214e-06   1.3769029485e-02   4.2811668407e-06   1.7398517804e-02      19.563200      19.566000
   461   4.6018343118e-06   1.5756670067e-02   4.6231294946e-06   2.0072157884e-02      19.570200      19.577300
   462   3.9097670128e-06   1.1458073192e-02   3.9161431845e-06   1.4544574935e-02      19.577500      19.579500
   463   4.6956464950e-06   1.6339360158e-02   4.7238293596e-06   2.0859481272e-02      19.588000      19.591100
   464   4.4548786077e-06   1.4843892753e-02   4.4579037575e-06   1.8780338008e-02      19.597300      19.599900
   465   5.0336321524e-06   1.8438670577e-02   5.0426257639e-06   2.3351995686e-02      19.642900      19.646800
   466   9.5149923484e-06   4.6273479364e-02   9.5741914411e-06   5.8782109132e-02      20.029400      20.032700
   467   5.8163962669e-06   2.3300607243e-02   5.8646956555e-06   2.9779361324e-02      20.205300      20.206000
   468   5.7153277623e-06   2.2672846390e-02   5.7324072839e-06   2.8745062729e-02      20.214100      20.217900
   469   5.8493655560e-06   2.3505387448e-02   5.7896398007e-06   2.9192536010e-02      20.238800      20.243800
   470   4.8940545030e-06   1.7571720139e-02   5.0865704324e-06   2.3695577729e-02      20.245100      20.245000
   471   5.7550185077e-06   2.2919375181e-02   5.5892912493e-06   2.7626107890e-02      20.250000      20.252000
   472   5.1528560894e-06   1.9179199198e-02   4.9738493915e-06   2.2814266599e-02      20.254500      20.256100
   473   5.2812571718e-06   1.9976729283e-02   5.3841252114e-06   2.6022014181e-02      20.256000      20.259900
   474   5.2765434487e-06   1.9947451212e-02   5.3554264500e-06   2.5797632489e-02      20.257700      20.260900
   475   5.4090463280e-06   2.0770458547e-02   5.4060274078e-06   2.6193256828e-02      20.260800      20.261700
   476   5.2327201933e-06   1.9675254405e-02   5.1481774180e-06   2.4177252859e-02      20.266300      20.268000
   477   5.5423464016e-06   2.1598417447e-02   5.6521319113e-06   2.8117428538e-02      20.266400      20.269100
   478   5.6929895364e-06   2.2534098282e-02   5.3008025072e-06   2.5370554382e-02      20.270500      20.272900
   479   5.2233701713e-06   1.9617179164e-02   5.4319649933e-06   2.6396050225e-02      20.286000      20.289100
   480   5.6400329729e-06   2.2205172297e-02   5.5808917617e-06   2.7560436372e-02      20.286400      20.291100
   481   5.6233215230e-06   2.2101373452e-02   5.4652118764e-06   2.6655991473e-02      20.293100      20.293700
   482   5.7660673514e-06   2.2988002213e-02   5.2281480641e-06   2.4802504541e-02      20.296100      20.306200
   483   5.0663166814e-06   1.8641682067e-02   5.4996234368e-06   2.6925038768e-02      20.299500      20.306800
   484   6.2278925805e-06   2.5856510073e-02   6.2685430616e-06   3.2936848257e-02      20.356000      20.358200
   485   6.1947622699e-06   2.5650729725e-02   6.2268474922e-06   3.2610850830e-02      20.356200      20.361200
   486   5.7834026560e-06   2.3095675970e-02   5.7439747880e-06   2.8835503432e-02      20.374600      20.377500
   487   5.6891742180e-06   2.2510400420e-02   5.7533052736e-06   2.8908453971e-02      20.394400      20.399000
   488   5.4655850898e-06   2.1121634429e-02   5.4538546836e-06   2.6567195093e-02      20.403000      20.407500
   489   6.2858031257e-06   2.6216206433e-02   6.2666150406e-06   3.2921773997e-02      20.416700      20.421000
   490   8.1695543776e-06   3.7916639696e-02   8.2036588467e-06   4.8066579719e-02      20.658200      20.660900
   491   7.2826974002e-06   3.2408157157e-02   7.2558204279e-06   4.0655890986e-02      20.671900      20.678100
   492   7.4265583758e-06   3.3301712367e-02   7.4777130374e-06   4.2390761644e-02      20.684000      20.685600
   493   6.8677036486e-06   2.9830530897e-02   6.8595639495e-06   3.7557753834e-02      20.752800      20.754400
   494   6.7135939447e-06   2.8873318365e-02   6.8249091066e-06   3.7286804431e-02      20.782900      20.784200
   495   6.0456793508e-06   2.4724739765e-02   6.0017937939e-06   3.0851265152e-02      20.784100      20.785700
   496   6.8274588129e-06   2.9580560518e-02   6.8330840291e-06   3.7350720183e-02      20.784600      20.786800
   497   6.4992061742e-06   2.7541704226e-02   6.8118678846e-06   3.7184841443e-02      20.791300      20.792300
   498   7.0409870972e-06   3.0906836181e-02   6.5183134778e-06   3.4889681961e-02      20.791600      20.792600
   499   6.4358194608e-06   2.7147994065e-02   6.6018811227e-06   3.5543056831e-02      20.794100      20.795400
   500   6.2266930559e-06   2.5849059536e-02   6.3564136661e-06   3.3623865882e-02      20.796100      20.799100
   501   6.5887409343e-06   2.8097826211e-02   6.7915763192e-06   3.7026191538e-02      20.799900      20.802600
   502   5.5305692053e-06   2.1525266441e-02   5.7040699572e-06   2.8523506920e-02      20.821800      20.825500
   503   5.6031827742e-06   2.1976286826e-02   5.5206109400e-06   2.7089129873e-02      20.822100      20.826500
   504   7.0092675040e-06   3.0709818139e-02   7.1632002397e-06   3.9931738671e-02      20.833000      20.834500
   505   5.8323573444e-06   2.3399745344e-02   5.6535133753e-06   2.8128229535e-02      20.835700      20.837800
   506   5.9456028088e-06   2.4103140231e-02   5.7487209151e-06   2.8872611096e-02      20.836800      20.839400
   507   6.4539473173e-06   2.7260590552e-02   6.5358955574e-06   3.5027147710e-02      20.837600      20.841600
   508   5.4677863891e-06   2.1135307230e-02   5.5398943681e-06   2.7239897642e-02      20.841000      20.843300
   509   5.7227898745e-06   2.2719195368e-02   5.5399180418e-06   2.7240082735e-02      20.841700      20.844100
   510   5.3797914000e-06   2.0588749134e-02   5.2571141243e-06   2.5028976112e-02      20.846100      20.849000
   511   5.3739668895e-06   2.0552571695e-02   5.4822330471e-06   2.6789071749e-02      20.853600      20.858800
   512   5.7318809560e-06   2.2775662268e-02   5.6866716419e-06   2.8387477934e-02      20.858100      20.859800
   513   5.5722225036e-06   2.1783985120e-02   5.7068606223e-06   2.8545325777e-02      20.858800      20.862200
   514   6.1243838046e-06   2.5213592106e-02   6.1545491206e-06   3.2045584940e-02      20.864700      20.866800
   515   5.7299002470e-06   2.2763359606e-02   5.6502709904e-06   2.8102878900e-02      20.866500      20.868200
   516   5.5971451902e-06   2.1938785936e-02   5.6711424941e-06   2.8266063062e-02      20.866600      20.875600
   517   5.3395764232e-06   2.0338964216e-02   5.2548536723e-06   2.5011302735e-02      20.878500      20.879700
   518   5.9849697438e-06   2.4347657757e-02   5.9818151674e-06   3.0695061965e-02      20.883000      20.892400
   519   5.7954618253e-06   2.3170578379e-02   5.3669862069e-06   2.5888012620e-02      20.905800      20.907400
   520   5.3782268277e-06   2.0579031198e-02   5.7920057156e-06   2.9211033951e-02      20.906300      20.913400
   521   4.3758583850e-06   1.4353079095e-02   4.2233884375e-06   1.6946776501e-02      20.922300      20.924200
   522   6.1709175554e-06   2.5502624453e-02   6.0425434725e-06   3.1169867119e-02      20.923300      20.930600
   523   4.5766283169e-06   1.5600109555e-02   4.7986989657e-06   2.1444850397e-02      20.931500      20.935600
   524   4.5417920077e-06   1.5383732838e-02   4.4909852711e-06   1.9038986313e-02      20.933600      20.941100
   525   4.6106508159e-06   1.5811431500e-02   4.4217681551e-06   1.8497811265e-02      20.950600      20.957400
   526   4.9913840455e-06   1.8176257397e-02   5.0997073487e-06   2.3798288903e-02      21.031900      21.038300
   527   5.1844971161e-06   1.9375729245e-02   5.2488857846e-06   2.4964642717e-02      21.036600      21.044100
   528   5.4785788772e-06   2.1202341976e-02   5.6559385222e-06   2.8147190582e-02      21.048900      21.052200
   529   6.1637245630e-06   2.5457947043e-02   6.3046980986e-06   3.3219526950e-02      21.096200      21.099300
   530   6.0481641817e-06   2.4740173649e-02   6.0146148968e-06   3.0951507135e-02      21.097100      21.101000
   531   6.2921568511e-06   2.6255670954e-02   6.2251441418e-06   3.2597533160e-02      21.122300      21.125800
   532   6.9006980006e-06   3.0035466773e-02   6.9063398246e-06   3.7923471707e-02      21.228900      21.232200
   533   5.8968452774e-06   2.3800295446e-02   5.9342623720e-06   3.0323269729e-02      21.294000      21.297400
   534   5.9984748310e-06   2.4431541110e-02   5.9756662180e-06   3.0646986312e-02      21.299800      21.303800
   535   5.5018376857e-06   2.1346808044e-02   5.4809627646e-06   2.6779140026e-02      21.330900      21.334300
   536   5.1367371431e-06   1.9079080536e-02   5.1534547285e-06   2.4218513589e-02      21.356900      21.357600
   537   4.9781046667e-06   1.8093775973e-02   5.0616751045e-06   2.3500933238e-02      21.360700      21.363900
   538   4.9427103611e-06   1.7873933406e-02   4.9774044440e-06   2.2842061829e-02      21.365600      21.367300
   539   5.6203174198e-06   2.2082714242e-02   5.5994160829e-06   2.7705269052e-02      21.366600      21.369400
   540   5.2609878771e-06   1.9850831806e-02   5.1948671637e-06   2.4542297328e-02      21.372400      21.373400
   541   5.5373891721e-06   2.1567626899e-02   5.1946651124e-06   2.4540717587e-02      21.378500      21.379700
   542   5.0356868094e-06   1.8451432547e-02   5.2901443992e-06   2.5287223807e-02      21.379200      21.381700
   543   4.9618141524e-06   1.7992591661e-02   5.3764686782e-06   2.5962151463e-02      21.380300      21.382000
   544   5.5205556953e-06   2.1463070116e-02   5.5729059278e-06   2.7497999011e-02      21.382000      21.384700
   545   4.9560467617e-06   1.7956769006e-02   5.0125233784e-06   2.3116639739e-02      21.388200      21.391400
   546   5.2245185815e-06   1.9624312217e-02   5.2981925282e-06   2.5350148223e-02      21.391500      21.396200
   547   5.4179500222e-06   2.0825761538e-02   5.7232606858e-06   2.8673549916e-02      21.392600      21.399300
   548   5.8021082684e-06   2.3211861039e-02   5.4669999482e-06   2.6669971539e-02      21.401500      21.405600
   549   5.9821590091e-06   2.4330199606e-02   6.1115084478e-06   3.1709070801e-02      21.406300      21.408700
   550   5.5072412029e-06   2.1380370593e-02   5.7841743319e-06   2.9149804162e-02      21.413300      21.417200
   551   6.0432839492e-06   2.4709861348e-02   6.1642115141e-06   3.2121130506e-02      21.425100      21.425100
   552   6.2963880006e-06   2.6281951643e-02   5.7654366969e-06   2.9003303685e-02      21.426200      21.430000
   553   5.0856603389e-06   1.8761830189e-02   5.5629444030e-06   2.7420114682e-02      21.430200      21.434600
   554   5.4356878353e-06   2.0935935373e-02   6.3990767996e-06   3.3957428224e-02      21.440800      21.444400
   555   6.4123994443e-06   2.7002526695e-02   6.3225434258e-06   3.3359050906e-02      21.441500      21.450100
   556   6.1244438057e-06   2.5213964788e-02   5.4140479404e-06   2.6255965481e-02      21.448600      21.452200
   557   5.4855187350e-06   2.1245447106e-02   5.4509413417e-06   2.6544417086e-02      21.448700      21.452800
   558   5.3381893168e-06   2.0330348564e-02   5.8761016418e-06   2.9868539197e-02      21.450300      21.454500
   559   5.7995409779e-06   2.3195914979e-02   5.8327557132e-06   2.9529638412e-02      21.459500      21.462500
   560   5.4457739376e-06   2.0998582586e-02   6.4179179205e-06   3.4104737807e-02      21.464300      21.466900
   561   6.2552167557e-06   2.6026227114e-02   5.5931803087e-06   2.7656514559e-02      21.464900      21.473100
   562   5.5507483680e-06   2.1650604086e-02   6.1054940293e-06   3.1662046980e-02      21.470800      21.474700
   563   6.2439714227e-06   2.5956379639e-02   5.5811732503e-06   2.7562637195e-02      21.476700      21.481600
   564   5.2844178690e-06   1.9996361135e-02   5.4113016306e-06   2.6234493417e-02      21.479400      21.491800
   565   5.5122598393e-06   2.1411542553e-02   5.5535766420e-06   2.7346872703e-02      21.485100      21.499900
   566   6.4611721709e-06   2.7305465860e-02   7.0645547700e-06   3.9160477604e-02      21.489200      21.506400
   567   7.5538053219e-06   3.4092073833e-02   7.9217476662e-06   4.5862452974e-02      21.614500      21.616700
   568   7.6340856553e-06   3.4590714341e-02   7.6238940575e-06   4.3533680117e-02      21.616100      21.625500
   569   7.4101706172e-06   3.3199924046e-02   7.2575168299e-06   4.0669154331e-02      21.629700      21.633800
   570   7.5860399069e-06   3.4292290613e-02   7.7068917538e-06   4.4182598837e-02      21.668100      21.671500
   571   5.8635882658e-06   2.3593728128e-02   5.9045826426e-06   3.0091218325e-02      21.685800      21.692400
   572   6.1200449088e-06   2.5186642178e-02   6.4366987554e-06   3.4251576043e-02      21.697500      21.699400
   573   6.6950547599e-06   2.8758167018e-02   6.5651286002e-06   3.5255706689e-02      21.700900      21.701600
   574   6.9636029418e-06   3.0426184532e-02   6.6186535710e-06   3.5674192467e-02      21.703300      21.707300
   575   6.5004880642e-06   2.7549666354e-02   7.0544006933e-06   3.9081087804e-02      21.703600      21.708300
   576   7.4895591300e-06   3.3693025243e-02   7.5018980238e-06   4.2579852319e-02      21.724600      21.724500
   577   6.7506025713e-06   2.9103187869e-02   8.0628859618e-06   4.6965944831e-02      21.725200      21.728700
   578   6.8721427585e-06   2.9858103279e-02   6.6185602217e-06   3.5673462614e-02      21.730200      21.731300
   579   7.2653315592e-06   3.2300293732e-02   7.1911272800e-06   4.0150086650e-02      21.744500      21.752000
   580   6.0518394264e-06   2.4763001480e-02   5.9956906612e-06   3.0803547719e-02      21.769500      21.772600
   581   6.2083820547e-06   2.5735325492e-02   6.2752398831e-06   3.2989207456e-02      21.776200      21.780200
   582   6.2188886701e-06   2.5800584614e-02   6.2315606087e-06   3.2647700401e-02      21.782500      21.785800
   583   6.5416748712e-06   2.7805487544e-02   6.4259716251e-06   3.4167705815e-02      21.788700      21.793000
   584   7.5336114768e-06   3.3966644991e-02   7.8681569911e-06   4.5443453486e-02      21.820700      21.825200
   585   8.2005025484e-06   3.8108866248e-02   8.1235643466e-06   4.7440359683e-02      21.826000      21.860200
   586   6.7733418551e-06   2.9244427044e-02   7.0243350523e-06   3.8846019144e-02      21.936500      21.951900
   587   6.8776361889e-06   2.9892224300e-02   7.1948015192e-06   4.0178813744e-02      21.957500      21.960600
   588   7.0668961770e-06   3.1067763723e-02   6.7325999942e-06   3.6565084266e-02      21.993600      22.000500
   589   6.7825408348e-06   2.9301564125e-02   7.3763692697e-06   4.1598403894e-02      21.995900      22.001600
   590   9.3736861390e-06   4.5395792424e-02   9.2647948710e-06   5.6363087461e-02      22.029100      22.038800
   591   6.7271875721e-06   2.8957751663e-02   6.7293814994e-06   3.6539920417e-02      22.140200      22.141800
   592   6.7814849258e-06   2.9295005619e-02   6.7720564484e-06   3.6873575139e-02      22.145600      22.146400
   593   6.7789596613e-06   2.9279320592e-02   6.7650370416e-06   3.6818693802e-02      22.150900      22.153000
   594   6.6540318839e-06   2.8503364043e-02   6.7764235817e-06   3.6907719635e-02      22.182500      22.191900
   595   6.5957994154e-06   2.8141668139e-02   6.5915823231e-06   3.5462535514e-02      22.195100      22.195200
   596   6.8790537401e-06   2.9901029052e-02   6.8966541236e-06   3.7847743910e-02      22.207300      22.211500
   597   7.2059762274e-06   3.1931623453e-02   7.1629841923e-06   3.9930049502e-02      22.221200      22.223900
   598   6.9922801720e-06   3.0604305724e-02   7.1214312387e-06   3.9605167118e-02      22.224800      22.236500
   599   6.9825682348e-06   3.0543982540e-02   6.9171906907e-06   3.8008309364e-02      22.239200      22.246800
   600   6.1628175720e-06   2.5452313503e-02   6.2618954154e-06   3.2884873537e-02      22.347400      22.354200
   601   7.1974329206e-06   3.1878558914e-02   7.0668601949e-06   3.9178502603e-02      22.364100      22.368800
   602   7.3393328755e-06   3.2759933752e-02   7.3601027024e-06   4.1471223496e-02      22.367000      22.372700
   603   6.9268687208e-06   3.0198019427e-02   6.8955174727e-06   3.7838856988e-02      22.417300      22.422300
   604   6.3112726397e-06   2.6374403726e-02   6.3543920594e-06   3.3608059920e-02      22.475700      22.475600
   605   6.3561270570e-06   2.6653005328e-02   6.2660779931e-06   3.2917575083e-02      22.476900      22.483100
   606   5.9439096537e-06   2.4092623636e-02   5.7638504546e-06   2.8990901626e-02      22.483300      22.488200
   607   6.3204889476e-06   2.6431648437e-02   6.3302759771e-06   3.3419507973e-02      22.498800      22.500900
   608   6.2739582136e-06   2.6142634828e-02   6.2792083248e-06   3.3020234776e-02      22.499300      22.501200
   609   7.4819690943e-06   3.3645881701e-02   7.4194646763e-06   4.1935345969e-02      22.618800      22.611700
   610   7.1131196344e-06   3.1354868763e-02   7.4401896357e-06   4.2097384371e-02      22.619500      22.654400
   611   7.0969453993e-06   3.1254406689e-02   7.5111800931e-06   4.2652424316e-02      22.634500      22.655100
   612   6.8303754892e-06   2.9598676698e-02   6.9874192499e-06   3.8557392396e-02      22.714900      22.753600
   613   9.2146226046e-06   4.4407810455e-02   9.2778433481e-06   5.6465107173e-02      22.882600      22.890600
   614   8.4371478682e-06   3.9578727392e-02   8.3212559194e-06   4.8986014176e-02      22.896300      22.914000
   615   8.1436756186e-06   3.7755900483e-02   7.8397409617e-06   4.5221282339e-02      22.918800      22.931600
   616   4.6334323748e-06   1.5952933256e-02   4.6419374880e-06   2.0219208459e-02      23.130600      23.132500
   617   4.5964443847e-06   1.5723191930e-02   4.5823279720e-06   1.9753150574e-02      23.131400      23.134000
   618   5.1303017184e-06   1.9039108561e-02   5.0615727740e-06   2.3500133165e-02      23.141000      23.143200
   619   4.4013753904e-06   1.4511571369e-02   4.3479400647e-06   1.7920585245e-02      23.147500      23.148900
   620   4.8432069675e-06   1.7255893835e-02   4.9386675222e-06   2.2539196632e-02      23.149300      23.152100
   621   4.8608210224e-06   1.7365298978e-02   4.8882815303e-06   2.2145253007e-02      23.156300      23.157500
   622   4.7607123593e-06   1.6743499931e-02   4.5034045361e-06   1.9136086520e-02      23.163700      23.166400
   623   4.9965297864e-06   1.8208218835e-02   5.0736350389e-06   2.3594442163e-02      23.165900      23.167600
   624   5.3844566818e-06   2.0617726324e-02   5.2949600024e-06   2.5324874672e-02      23.169500      23.170000
   625   5.4071171181e-06   2.0758475759e-02   5.4514810943e-06   2.6548637150e-02      23.170100      23.172300
   626   4.9707698715e-06   1.8048217792e-02   5.0891006198e-06   2.3715360036e-02      23.173700      23.177400
   627   5.3682839975e-06   2.0517273883e-02   5.5423979184e-06   2.7259471687e-02      23.175400      23.179000
   628   5.4531789476e-06   2.1044576889e-02   5.2263974751e-06   2.4788817535e-02      23.177500      23.179700
   629   5.2243714588e-06   1.9623398403e-02   5.5183213897e-06   2.7071228991e-02      23.184700      23.192100
   630   4.9005404185e-06   1.7612005724e-02   5.2211869511e-06   2.4748078976e-02      23.186600      23.199900
   631   5.9855872556e-06   2.4351493271e-02   5.9380431679e-06   3.0352829938e-02      23.193100      23.208000
   632   5.0612713858e-06   1.8610344520e-02   5.4527561370e-06   2.6558606090e-02      23.251800      23.264900
   633   5.8237197306e-06   2.3346095042e-02   5.9772993460e-06   3.0659754948e-02      23.293400      23.304500
   634   6.2133414399e-06   2.5766129430e-02   5.8888979571e-06   2.9968587378e-02      23.301700      23.328400
   635   5.7036553622e-06   2.2600346298e-02   5.7180391934e-06   2.8632725600e-02      23.353900      23.365700
   636   5.6631123974e-06   2.2348524167e-02   5.7094664701e-06   2.8565699636e-02      23.356900      23.365700
   637   6.3877181930e-06   2.6849225492e-02   6.1829482714e-06   3.2267624121e-02      23.412200      23.411300
   638   6.0064291987e-06   2.4480947606e-02   5.8540284033e-06   2.9695959255e-02      23.426600      23.456300
   639   5.8592663099e-06   2.3566883417e-02   6.2862176085e-06   3.3075036964e-02      23.443700      23.471400
   640   7.3036553255e-06   3.2538331885e-02   7.2097581156e-06   4.0295752114e-02      23.765400      23.771300
   641   7.7596962710e-06   3.5370912165e-02   7.9213514376e-06   4.5859355055e-02      23.800800      23.801400
   642   1.7111203902e-05   9.3455381030e-02   7.1320643399e-06   3.9688302177e-02      23.811700      23.818700
   643   7.4382465441e-06   3.3374310398e-02   1.7084701239e-05   1.1750314136e-01      23.811900      23.823000
   644   6.8582605930e-06   2.9771877802e-02   6.9523745189e-06   3.8283394647e-02      23.836200      23.838800
   645   6.9627777881e-06   3.0421059303e-02   6.9029949171e-06   3.7897319498e-02      23.836900      23.839400
   646   6.9189606810e-06   3.0148900685e-02   6.9136194730e-06   3.7980387746e-02      23.840000      23.842000
   647   7.5245925913e-06   3.3910626519e-02   7.4977976839e-06   4.2547793751e-02      23.854800      23.855600
   648   6.6647922265e-06   2.8570199125e-02   6.6819512048e-06   3.6169085956e-02      23.861500      23.862200
   649   6.5092641090e-06   2.7604176485e-02   6.6095123276e-06   3.5602721520e-02      23.861900      23.863200
   650   6.6104589066e-06   2.8232721774e-02   6.8052785149e-06   3.7133322358e-02      23.863400      23.865000
   651   7.3093470040e-06   3.2573684273e-02   7.6914553850e-06   4.4061909359e-02      23.867400      23.875200
   652   7.6995715462e-06   3.4997463001e-02   7.6496944410e-06   4.3735400799e-02      23.874700      23.876200
   653   6.6006302337e-06   2.8171673516e-02   6.5773702125e-06   3.5351417916e-02      23.893300      23.896100
   654   6.7998627584e-06   2.9409154769e-02   7.1611023925e-06   3.9915336622e-02      23.896700      23.899000
   655   7.3289320081e-06   3.2695331456e-02   7.1844546840e-06   4.0097916859e-02      23.905000      23.909000
   656   7.9661642712e-06   3.6653334701e-02   7.9477527224e-06   4.6065773891e-02      23.932600      23.938800
   657   6.8521744216e-06   2.9734075124e-02   7.1893216748e-06   4.0135969499e-02      23.956800      23.960300
   658   6.5083032302e-06   2.7598208235e-02   6.5582389357e-06   3.5201839745e-02      23.966500      23.971800
   659   7.0082117499e-06   3.0703260595e-02   7.1256185424e-06   3.9637905614e-02      23.966600      23.983900
   660   8.7828570810e-06   4.1726010675e-02   9.0147545778e-06   5.4408143721e-02      24.108000      24.121800
   661   9.0524306268e-06   4.3400396971e-02   9.0724978435e-06   5.4859610300e-02      24.114500      24.123700
   662   8.7144763521e-06   4.1301281479e-02   8.6712875702e-06   5.1722741829e-02      24.170700      24.194300
   663   8.9712024998e-06   4.2895869488e-02   9.1442089563e-06   5.5420284699e-02      24.186400      24.203100
   664   1.0213326382e-05   5.0611000439e-02   1.0235060304e-05   6.3949122135e-02      24.243100      24.245600
   665   1.0237231926e-05   5.0759483538e-02   1.0456933440e-05   6.5683840538e-02      24.251800      24.255700
   666   9.5973882285e-06   4.6785260044e-02   9.6473339393e-06   5.9353974840e-02      24.275400      24.278500
   667   9.5072425046e-06   4.6225343216e-02   9.4543196015e-06   5.7844889377e-02      24.282800      24.286200
   668   1.0103145107e-05   4.9926637970e-02   1.0107420595e-05   6.2951169181e-02      24.327000      24.329800
   669   1.0061523824e-05   4.9668118147e-02   9.1156823712e-06   5.5197249170e-02      24.327300      24.330600
   670   9.5787420344e-06   4.6669444036e-02   1.0214099078e-05   6.3785236484e-02      24.330100      24.331800
   671   9.6465241844e-06   4.7090455314e-02   9.6216562948e-06   5.9153213795e-02      24.332700      24.334700
   672   8.7883108105e-06   4.1759885104e-02   8.8711535929e-06   5.3285397290e-02      24.336900      24.338400
   673   9.3998658900e-06   4.5558401170e-02   9.1073706010e-06   5.5132263471e-02      24.351300      24.351700
   674   8.8883208995e-06   4.2381071883e-02   8.7727877642e-06   5.2516322600e-02      24.352000      24.357900
   675   8.5876997543e-06   4.0513841460e-02   8.9377216591e-06   5.3805860703e-02      24.353000      24.358600
   676   7.6935667200e-06   3.4960165578e-02   7.7317147601e-06   4.4376677879e-02      24.358700      24.363700
   677   8.0868349294e-06   3.7402849256e-02   7.5717941401e-06   4.3126336140e-02      24.387700      24.389100
   678   8.3615216496e-06   3.9108994712e-02   8.9134938194e-06   5.3616434980e-02      24.387700      24.393600
   679   8.7581623204e-06   4.1572625562e-02   8.6994015837e-06   5.1942551660e-02      24.401500      24.405000
   680   8.3656933368e-06   3.9134906067e-02   9.6912052332e-06   5.9696983201e-02      24.402400      24.422100
   681   9.3741750857e-06   4.5398829389e-02   1.0255989506e-05   6.4112757414e-02      24.419900      24.424700
   682   9.9301920646e-06   4.8852384920e-02   9.1922908026e-06   5.5796213327e-02      24.421500      24.431600
   683   9.3229831447e-06   4.5080863900e-02   9.1455770049e-06   5.5430980807e-02      24.428100      24.432800
   684   9.4832017668e-06   4.6076020396e-02   9.1341905811e-06   5.5341955884e-02      24.453600      24.453500
   685   9.1160016296e-06   4.3795251799e-02   8.6951455941e-06   5.1909276142e-02      24.463700      24.475700
   686   8.1328538537e-06   3.7688683892e-02   7.7730123351e-06   4.4699563582e-02      24.470700      24.477300
   687   8.7986599524e-06   4.1824166120e-02   9.4515432515e-06   5.7823182443e-02      24.490200      24.503200
   688   9.0694730678e-06   4.3506251682e-02   9.4303674586e-06   5.7657619192e-02      24.505600      24.508500
   689   8.6340308909e-06   4.0801615321e-02   8.2582396588e-06   4.8493320608e-02      24.511800      24.521500
   690   9.6308802740e-06   4.6993287215e-02   8.1675401301e-06   4.7784184998e-02      24.514800      24.524800
   691   1.0180204772e-05   5.0405274132e-02   9.4761877344e-06   5.8015865698e-02      24.524000      24.527300
   692   8.0867862499e-06   3.7402546896e-02   7.9634319239e-06   4.6188361961e-02      24.526900      24.528500
   693   9.2384066533e-06   4.4555538918e-02   8.5878877123e-06   5.1070678803e-02      24.530800      24.535700
   694   8.4468870938e-06   3.9639220071e-02   8.7495163123e-06   5.2334374409e-02      24.542100      24.543300
   695   8.3099449540e-06   3.8788639419e-02   8.6470299785e-06   5.1533083488e-02      24.547400      24.551600
   696   9.2819630003e-06   4.4826077892e-02   9.2707878807e-06   5.6409943896e-02      24.549800      24.553000
   697   7.8214101866e-06   3.5754232176e-02   7.3588203560e-06   4.1461197451e-02      24.557100      24.562500
   698   8.1720057500e-06   3.7931865761e-02   8.3054921979e-06   4.8862765286e-02      24.568100      24.568800
   699   8.5874098409e-06   4.0512040738e-02   8.5986971234e-06   5.1155192343e-02      24.569000      24.572500
   700   1.1193044697e-05   5.6696267135e-02   1.1801922095e-05   7.6199654289e-02      24.572500      24.578700
   701   8.9142030969e-06   4.2541832452e-02   1.0170941318e-05   6.3447806897e-02      24.584100      24.599300
   702   9.5536215392e-06   4.6513414583e-02   8.6405409675e-06   5.1482349059e-02      24.602000      24.605400
   703   9.7226257831e-06   4.7563140694e-02   1.2684667265e-05   8.3101410488e-02      24.619300      24.640700
   704   1.2506967356e-05   6.4857357604e-02   1.0356901029e-05   6.4901735649e-02      24.638800      24.670400
   705   1.2634152855e-05   6.5647337405e-02   1.6933732973e-05   1.1632279374e-01      24.652700      24.725400
   706   1.0448380596e-05   5.2070978839e-02   1.0609699760e-05   6.6878246278e-02      24.771900      24.805100
   707   1.0383589077e-05   5.1668543096e-02   1.0405758230e-05   6.5283726400e-02      24.820300      24.845600
   708   1.1435827791e-05   5.8204251475e-02   1.1139984785e-05   7.1024287613e-02      25.402600      25.433100
   709   1.2011085929e-05   6.1777318485e-02   1.1907337320e-05   7.7023844785e-02      25.430000      25.450800
   710   1.3521814914e-05   7.1160820504e-02   1.3704325790e-05   9.1073625783e-02      25.460200      25.488800
   711   1.1427587335e-05   5.8153068021e-02   1.0984197535e-05   6.9806262689e-02      25.518600      25.543400
   712   6.3721131016e-06   2.6752298506e-02   6.3680390273e-06   3.3714758941e-02      25.798000      25.794200
   713   5.9853253959e-06   2.4349866798e-02   5.8264276054e-06   2.9480162007e-02      25.804100      25.810400
   714   6.1773008835e-06   2.5542272843e-02   6.2103238839e-06   3.2481660753e-02      25.808500      25.822100
   715   6.1837501067e-06   2.5582330523e-02   6.4211361412e-06   3.4129899513e-02      25.826400      25.837900
   716   5.9526908583e-06   2.4147165816e-02   5.9822297000e-06   3.0698302994e-02      25.833000      25.838200
   717   9.1731526990e-06   4.4150230872e-02   9.0100870293e-06   5.4371650424e-02      25.991900      25.994900
   718   9.6842469664e-06   4.7324760609e-02   9.6847106707e-06   5.9646205368e-02      26.020900      26.024100
   719   8.6429496560e-06   4.0857011922e-02   8.8424947709e-06   5.3061327866e-02      26.023000      26.024700
   720   8.4457324825e-06   3.9632048502e-02   8.1484547243e-06   4.7634965470e-02      26.024200      26.026500
   721   8.2208913797e-06   3.8235506195e-02   8.2639114184e-06   4.8537665345e-02      26.066300      26.069100
   722   7.9699567758e-06   3.6676890861e-02   7.9771900796e-06   4.6295930306e-02      26.072300      26.079000
   723   1.0867776423e-05   5.4675947453e-02   1.0229779164e-05   6.3907831469e-02      26.138200      26.143600
   724   1.0656293566e-05   5.3362376432e-02   8.7866261788e-06   5.2624518450e-02      26.142200      26.149200
   725   9.7469106960e-06   4.7713980144e-02   9.3973144763e-06   5.7399193960e-02      26.144300      26.152200
   726   9.0953162710e-06   4.3666770049e-02   9.5107118238e-06   5.8285792803e-02      26.148700      26.159000
   727   9.7445481140e-06   4.7699305578e-02   9.5670095892e-06   5.8725957717e-02      26.227300      26.237200
   728   9.3523162042e-06   4.5263058606e-02   9.2100492119e-06   5.5935057713e-02      26.260400      26.277300
   729   8.7031724236e-06   4.1231070053e-02   8.8584422008e-06   5.3186013084e-02      26.267300      26.279200
   730   7.1077763707e-06   3.1321680464e-02   6.9304180812e-06   3.8111727913e-02      26.463300      26.472400
   731   8.8616343641e-06   4.2215315376e-02   9.1818798967e-06   5.5714815505e-02      26.594700      26.599000
   732   9.2331694337e-06   4.4523009283e-02   9.2318099947e-06   5.6105194716e-02      26.598300      26.604000
   733   8.6267056919e-06   4.0756116744e-02   1.0311654842e-05   6.4547977670e-02      26.598900      26.608200
   734   9.4322817467e-06   4.5759743873e-02   9.3308906475e-06   5.6879858270e-02      26.651800      26.655400
   735   7.2118433176e-06   3.1968065365e-02   7.2784495128e-06   4.0832816822e-02      26.659200      26.662100
   736   7.3112223501e-06   3.2585332500e-02   7.2425542674e-06   4.0552169314e-02      26.660800      26.664300
   737   8.4696839456e-06   3.9780816814e-02   8.2762075370e-06   4.8633802731e-02      26.674000      26.677500
   738   8.6214390745e-06   4.0723404513e-02   7.4739896338e-06   4.2361650158e-02      26.708200      26.712000
   739   7.6555800113e-06   3.4724220970e-02   8.5803229857e-06   5.1011533876e-02      26.710400      26.714000
   740   7.8732388207e-06   3.6076152320e-02   7.9768340266e-06   4.6293146500e-02      26.718900      26.722900
   741   8.4261215410e-06   3.9510240215e-02   8.0393958262e-06   4.6782286858e-02      26.721300      26.726400
   742   7.6966171384e-06   3.4979112462e-02   7.6822274024e-06   4.3989760240e-02      26.735700      26.742200
   743   8.9231585619e-06   4.2597457005e-02   8.5377669042e-06   5.0678808521e-02      26.755600      26.760100
   744   8.8712576019e-06   4.2275087627e-02   9.1255500462e-06   5.5274399734e-02      26.762300      26.770100
   745   7.3216834316e-06   3.2650308799e-02   7.3588683429e-06   4.1461572638e-02      26.780700      26.783400
   746   8.4739155517e-06   3.9807100340e-02   7.8840054426e-06   4.5567364839e-02      26.789600      26.800700
   747   7.4472045501e-06   3.3429950734e-02   7.7137442572e-06   4.4236175236e-02      26.810700      26.812500
   748   7.3299739507e-06   3.2701803213e-02   7.3631960692e-06   4.1495409030e-02      26.824300      26.828400
   749   9.6292137455e-06   4.6982936004e-02   9.7240972916e-06   5.9954150247e-02      26.855500      26.859000
   750   9.9845921591e-06   4.9190277025e-02   9.9330605507e-06   6.1587932587e-02      26.858000      26.862700
   751   9.5864004411e-06   4.6717012247e-02   9.6528735883e-06   5.9397286667e-02      26.864400      26.873300
   752   8.4168809108e-06   3.9452844433e-02   8.2249732920e-06   4.8233227026e-02      26.914900      26.914600
   753   8.4670215822e-06   3.9764280233e-02   8.5486892025e-06   5.0764204672e-02      26.922000      26.948600
   754   1.0081154677e-05   4.9790050111e-02   1.0071431058e-05   6.2669784453e-02      27.086200      27.087400
   755   1.0592221009e-05   5.2964406332e-02   1.0583950942e-05   6.6676928765e-02      27.088300      27.093700
   756   9.1181645802e-06   4.3808686407e-02   9.1797299815e-06   5.5698006361e-02      27.116800      27.126500
   757   8.4165003640e-06   3.9450480764e-02   8.4385466713e-06   4.9903053659e-02      27.124000      27.127800
   758   8.9125615340e-06   4.2531636309e-02   8.7526683548e-06   5.2359018699e-02      27.146600      27.151900
   759   9.1042541167e-06   4.3722285163e-02   9.2207364220e-06   5.6018615824e-02      27.151600      27.152600
   760   9.9371970430e-06   4.8895894530e-02   9.8572262231e-06   6.0995020772e-02      27.160300      27.162700
   761   9.5371510436e-06   4.6411112363e-02   9.6878697618e-06   5.9670904768e-02      27.179700      27.182200
   762   8.9254340976e-06   4.2611590905e-02   9.1212049855e-06   5.5240427812e-02      27.183700      27.187100
   763   1.0136591911e-05   5.0134384134e-02   1.0123949114e-05   6.3080397650e-02      27.190600      27.191800
   764   9.8070967301e-06   4.8087810115e-02   9.6599315874e-06   5.9452469738e-02      27.192600      27.195100
   765   1.0326156427e-05   5.1311815055e-02   1.0810840658e-05   6.8450869371e-02      27.195500      27.197200
   766   1.0779492262e-05   5.4127593243e-02   1.1265648421e-05   7.2006790612e-02      27.196300      27.199800
   767   1.0517631442e-05   5.2501112547e-02   1.1159099147e-05   7.1173733534e-02      27.200700      27.206800
   768   1.1259474243e-05   5.7108877067e-02   1.0916520245e-05   6.9277126790e-02      27.214900      27.218900
   769   1.0124697653e-05   5.0060506034e-02   1.0085823394e-05   6.2782311144e-02      27.235700      27.237900
   770   9.8475396208e-06   4.8339010662e-02   9.9972753204e-06   6.2089996717e-02      27.254000      27.255200
   771   1.1240791209e-05   5.6992832236e-02   1.0590061340e-05   6.6724703005e-02      27.254600      27.258500
   772   9.4992998750e-06   4.6176009628e-02   9.5730628099e-06   5.8773284912e-02      27.260800      27.261700
   773   8.8044637690e-06   4.1860215024e-02   9.1357361945e-06   5.5354040285e-02      27.261400      27.264800
   774   8.4551868654e-06   3.9690771954e-02   8.4706055490e-06   5.0153706470e-02      27.267700      27.272100
   775   8.6633435274e-06   4.0983683175e-02   8.7740457229e-06   5.2526157969e-02      27.272200      27.273800
   776   8.9272763328e-06   4.2623033472e-02   9.2602871097e-06   5.6327843462e-02      27.274800      27.279300
   777   9.5969113577e-06   4.6782298084e-02   9.4002454206e-06   5.7422109591e-02      27.284100      27.286600
   778   9.5188687155e-06   4.6297556415e-02   9.5121823413e-06   5.8297290066e-02      27.287700      27.290000
   779   9.6716143787e-06   4.7246296561e-02   9.6040324770e-06   5.9015421714e-02      27.290400      27.291800
   780   7.7643055310e-06   3.5399541390e-02   8.5772336584e-06   5.0987379925e-02      27.300000      27.306800
   781   8.3639501428e-06   3.9124078669e-02   8.4587776711e-06   5.0061230031e-02      27.303000      27.307700
   782   8.8277508646e-06   4.2004856791e-02   8.2644622397e-06   4.8541971949e-02      27.303700      27.309900
   783   9.8291895600e-06   4.8225034009e-02   8.9524465808e-06   5.3920987722e-02      27.321200      27.322600
   784   9.3076712407e-06   4.4985757972e-02   8.5337300403e-06   5.0647246241e-02      27.326000      27.327900
   785   9.2865785692e-06   4.4854746303e-02   9.4901503996e-06   5.8125033003e-02      27.326400      27.328700
   786   9.2422071936e-06   4.4579144990e-02   9.0199266913e-06   5.4448581967e-02      27.337700      27.342700
   787   7.8273739645e-06   3.5791274639e-02   7.0360118625e-06   3.8937314458e-02      27.343800      27.344400
   788   8.1938026695e-06   3.8067251684e-02   7.7446845643e-06   4.4478082486e-02      27.345000      27.358500
   789   7.4400312525e-06   3.3385395653e-02   7.2446939418e-06   4.0568898390e-02      27.353000      27.371500
   790   8.7463548047e-06   4.1499286235e-02   8.5895029174e-06   5.1083307307e-02      27.369800      27.382100
   791   6.3895287337e-06   2.6860471196e-02   6.3652078516e-06   3.3692623352e-02      27.379600      27.383100
   792   6.6566722335e-06   2.8519763891e-02   6.6907954088e-06   3.6238234496e-02      27.390100      27.392800
   793   6.1606887753e-06   2.5439091033e-02   6.2045726122e-06   3.2436694350e-02      27.391700      27.393600
   794   6.8225973614e-06   2.9550364871e-02   5.9326329586e-06   3.0310530136e-02      27.398800      27.408600
   795   6.0826419826e-06   2.4954323584e-02   6.7256643722e-06   3.6510858003e-02      27.404900      27.410300
   796   7.3243090207e-06   3.2666616967e-02   7.3774562773e-06   4.1606902679e-02      27.404900      27.411600
   797   6.4820672418e-06   2.7435250184e-02   6.5728885171e-06   3.5316377714e-02      27.414500      27.416500
   798   6.5883535485e-06   2.8095420064e-02   6.5796222047e-06   3.5369025151e-02      27.415200      27.419900
   799   7.0728605243e-06   3.1104809723e-02   7.9748249929e-06   4.6277438840e-02      27.423400      27.429200
   800   6.6020932053e-06   2.8180760386e-02   7.3049990237e-06   4.1040394567e-02      27.433300      27.435600
   801   7.4081711793e-06   3.3187505056e-02   6.5983886922e-06   3.5515751211e-02      27.439800      27.451500
   802   6.5890911772e-06   2.8100001654e-02   7.3422454624e-06   4.1331606400e-02      27.447500      27.453500
   803   8.3470538113e-06   3.9019131480e-02   8.3910023151e-06   4.9531327405e-02      27.473600      27.474600
   804   1.0577635802e-05   5.2873814096e-02   1.0757061136e-05   6.8030393379e-02      27.475000      27.478000
   805   8.4849667967e-06   3.9875742288e-02   8.6079925618e-06   5.1227868866e-02      27.479800      27.489000
   806   7.9851196339e-06   3.6771071029e-02   8.2854906859e-06   4.8706383168e-02      27.505500      27.507300
   807   8.3723703004e-06   3.9176378299e-02   8.1490972746e-06   4.7639989259e-02      27.505600      27.510500
   808   9.9996363262e-06   4.9283719974e-02   9.9726597184e-06   6.1897539267e-02      27.528700      27.532600
   809   9.2197189015e-06   4.4439464785e-02   9.5215931784e-06   5.8370868836e-02      27.532400      27.538400
   810   9.5741858882e-06   4.6641144713e-02   9.7113611264e-06   5.9854572351e-02      27.542900      27.548700
   811   1.0861234475e-05   5.4635313839e-02   1.0691739478e-05   6.7519675031e-02      27.553900      27.555400
   812   8.9543153522e-06   4.2790979342e-02   9.0819419958e-06   5.4933449545e-02      27.555400      27.558400
   813   9.2066633116e-06   4.4358373368e-02   9.1196034281e-06   5.5227906011e-02      27.559200      27.562300
   814   9.5950759903e-06   4.6770898175e-02   9.7085375186e-06   5.9832495931e-02      27.566000      27.570500
   815   7.9790269543e-06   3.6733227927e-02   9.0843429087e-06   5.4952221118e-02      27.581400      27.585200
   816   8.9953095989e-06   4.3045604493e-02   8.0035999550e-06   4.6502416308e-02      27.582300      27.585400
   817   9.3472455503e-06   4.5231563551e-02   9.2076096250e-06   5.5915983767e-02      27.595600      27.598700
   818   9.3152152514e-06   4.5032615641e-02   9.2396455328e-06   5.6166456988e-02      27.605100      27.608000
   819   8.9306278788e-06   4.2643850733e-02   8.6453262857e-06   5.1519763141e-02      27.612900      27.618700
   820   9.1157741313e-06   4.3793838752e-02   9.3005258303e-06   5.6642450496e-02      27.614400      27.620300
   821   9.0006161937e-06   4.3078565033e-02   8.9311306501e-06   5.3754328802e-02      27.618500      27.621400
   822   9.2939129573e-06   4.4900301956e-02   8.7583131228e-06   5.2403152402e-02      27.619800      27.627400
   823   8.9833896108e-06   4.2971566573e-02   9.1049994289e-06   5.5113724427e-02      27.627800      27.631100
   824   8.6499654126e-06   4.0900588478e-02   8.4142504738e-06   4.9713093478e-02      27.653500      27.650400
   825   9.1649839893e-06   4.4099493047e-02   8.8775747140e-06   5.3335600921e-02      27.656300      27.678900
   826   9.6475834081e-06   4.7097034408e-02   8.8931528479e-06   5.3457398792e-02      27.663400      27.680800
   827   1.0831097787e-05   5.4448127604e-02   9.3145839402e-06   5.6752364037e-02      27.697200      27.706000
   828   1.1682990223e-05   5.9739436943e-02   1.0464050689e-05   6.5739486858e-02      27.713900      27.729700
   829   1.2852498806e-05   6.7003536757e-02   1.2055756763e-05   7.8184264400e-02      27.726800      27.747300
   830   1.0160564614e-05   5.0283284377e-02   1.1548886401e-05   7.4221290956e-02      27.738700      27.766100
   831   1.0389826557e-05   5.1707285588e-02   9.9905332942e-06   6.2037284085e-02      27.793600      27.830300
   832   9.2711553457e-06   4.4758948943e-02   9.0543861225e-06   5.4718003541e-02      27.903800      27.910900
   833   9.6916994387e-06   4.7371049712e-02   1.1189494499e-05   7.1411380046e-02      27.904300      27.926700
   834   1.0059514353e-05   4.9655636836e-02   9.2976806715e-06   5.6620205580e-02      27.919700      27.933200
   835   1.1165387261e-05   5.6524480132e-02   9.3064083785e-06   5.6688443287e-02      27.920300      27.937400
   836   1.0527272504e-05   5.2560995508e-02   1.0295369169e-05   6.4420647888e-02      27.989000      27.997100
   837   8.9459629934e-06   4.2739100827e-02   9.5181139838e-06   5.8343666701e-02      28.037700      28.050800
   838   9.3945066505e-06   4.5525113641e-02   8.6347457071e-06   5.1437038730e-02      28.044800      28.063600
   839   8.7914164999e-06   4.1779175290e-02   9.3514025363e-06   5.7040230776e-02      28.062300      28.070400
   840   9.3032898096e-06   4.4958543846e-02   8.7202240801e-06   5.2105352657e-02      28.065900      28.072900
   841   8.7099328644e-06   4.1273060781e-02   8.6657037484e-06   5.1679084635e-02      28.114200      28.122100
   842   8.2586590952e-06   3.8470090583e-02   8.3339488759e-06   4.9085254245e-02      28.116800      28.123300
   843   8.4441104864e-06   3.9621973893e-02   8.2687068964e-06   4.8575158860e-02      28.131300      28.143700
   844   1.1272751218e-05   5.7191343560e-02   1.0699433314e-05   6.7579829399e-02      28.222000      28.221400
   845   1.1258388681e-05   5.7102134380e-02   9.6214223867e-06   5.9151384981e-02      28.227000      28.273200
   846   7.2067038290e-06   3.1936142762e-02   7.8882878833e-06   4.5600847165e-02      28.286100      28.301400
   847   1.2899534538e-05   6.7295687036e-02   1.1494952595e-05   7.3799608694e-02      28.310400      28.332600
   848   5.6845763500e-06   2.2481841953e-02   6.0192004193e-06   3.0987359111e-02      28.343200      28.345100
   849   6.5185225160e-06   2.7661682683e-02   6.0908156243e-06   3.1547283653e-02      28.348300      28.349200
   850   5.7675857544e-06   2.2997433380e-02   7.1374603550e-06   3.9730491001e-02      28.350300      28.369200
   851   6.8444535750e-06   2.9686119084e-02   8.1577539649e-06   4.7707671720e-02      28.353300      28.374400
   852   9.4110159764e-06   4.5627657045e-02   9.0087790989e-06   5.4361424350e-02      28.427700      28.448500
   853   9.0316165225e-06   4.3271115551e-02   1.1317439345e-05   7.2411718718e-02      28.439400      28.478700
   854   1.5535665739e-05   8.3669333583e-02   2.3801218032e-05   1.7001632751e-01      28.459300      28.555200
   855   2.0273393494e-05   1.1309650310e-01   1.3365603525e-05   8.8425320737e-02      29.580700      29.658500
   856   8.1090179573e-06   3.7540633392e-02   8.5909526247e-06   5.1094641866e-02      29.794300      29.812800
   857   8.6437583439e-06   4.0862034877e-02   8.4877079003e-06   5.0287421457e-02      29.804600      29.813800
   858   8.5547730361e-06   4.0309325674e-02   7.9600274081e-06   4.6161743704e-02      29.807000      29.816000
   859   9.0374103629e-06   4.3307102491e-02   8.9210854520e-06   5.3675790271e-02      29.915400      29.919200
   860   9.3789997187e-06   4.5428796348e-02   9.4499746571e-06   5.7810918365e-02      29.916000      29.926400
   861   9.4206458158e-06   4.5687470300e-02   9.4944410677e-06   5.8158579656e-02      29.948400      29.968600
