&CONTROL
  calculation = 'scf',
  prefix      = 'diamond_pd',
  outdir      = './tmp',
  pseudo_dir  = '../../pseudos/',
  verbosity = 'low',
  tprnfor = .true.,
  tstress = .true.,
  forc_conv_thr = 5.0d-4,
  etot_conv_thr = 1.0d-4,
  restart_mode = 'from_scratch',
  nstep         = 140,
  disk_io = 'nowf',
/

&SYSTEM
  ibrav =  0,
  nat  = 215,
  ntyp = 2,
  ecutwfc = 45.0,
  ecutrho = 180.0,
  occupations = 'from_input',
  !smearing    = 'gaussian'
  !degauss     = 0.005
  nspin       = 2
  !starting_magnetization(1) = 0.0
  !starting_magnetization(2) = 0.1
  tot_magnetization = 2.0
  nbnd = 862,
  tot_charge = -1.0
/

&ELECTRONS
  conv_thr = 1.0d-8,
  electron_maxstep = 100,
  mixing_beta = 0.7,
  mixing_mode = 'plain',
  scf_must_converge = .TRUE.,
  startingwfc = 'random',
/

ATOMIC_SPECIES
  C  12.0107 C.pbe-n-kjpaw_psl.1.0.0.UPF
  N  14.0067 N.pbe-n-kjpaw_psl.1.0.0.UPF

K_POINTS (automatic)
1 1 1 0 0 0

CELL_PARAMETERS {angstrom}
  -7.5777929652   0.0000000000   7.5777929652
   4.3750408084   8.7500816165   4.3750408084
  -6.1872420470   6.1872420472  -6.1872420470

ATOMIC_POSITIONS (crystal)
C     0.0001215062   0.0000955178   0.0000955173
C     0.0002594378   0.0003039334   0.3334137706
C     0.0000416709   0.0000807947   0.6667505452
C     0.0002594378   0.3334137718   0.0003039332
C     0.0006397461   0.3338598314   0.3338598329
C    -0.0000575485   0.3334504406   0.6668219201
C     0.0000416708   0.6667505465   0.0000807946
C    -0.0000575458   0.6668219201   0.3334504408
C     0.0002659080   0.6665157158   0.6665157177
C     0.3333995902   0.0001116442   0.0001116429
C     0.3334201969   0.0000012275   0.3334859312
C     0.3333828660   0.0002048812   0.6665974306
C     0.3334201968   0.3334859341   0.0000012257
C     0.3370288183   0.3336907407   0.3336907410
C     0.3321980380   0.3349170665   0.6655959008
C     0.3333828664   0.6665974322   0.0002048797
C     0.3321980464   0.6655959113   0.3349170584
C     0.3340702467   0.6663666434   0.6663666457
C     0.6666950073  -0.0000036702  -0.0000036724
C     0.6667686864  -0.0002263438   0.3333598339
C     0.6666335517   0.0002219876   0.6666867329
C     0.6667686842   0.3333598367  -0.0002263464
C     0.6674166816   0.3329727237   0.3329727207
C     0.6657583741   0.3336824642   0.6658181138
C     0.6666335523   0.6666867351   0.0002219857
C     0.6657583757   0.6658181189   0.3336824633
C     0.6667157982   0.6667793938   0.6667793909
C     0.1667776135   0.1668305292   0.0002214990
C     0.1676433450   0.1677024439   0.3336812947
C     0.1666843769   0.1667474704   0.6667793539
C     0.1668669576   0.5000817437   0.0002047345
C     0.1678646220   0.5012621245   0.3349156208
C     0.1670959506   0.4993916823   0.6663665459
C     0.1667140933   0.8334226422   0.0000806405
C     0.1666422319   0.8335213173   0.3334509139
C     0.1669487065   0.8331980831   0.6665155781
C     0.5001045460   0.1666954250  -0.0002263922
C     0.5004907582   0.1660459333   0.3329719540
C     0.4997809088   0.1677042286   0.6658188096
C     0.4999785125   0.5000442949   0.0000014518
C     0.4997659173   0.4964291673   0.3336925136
C     0.4985436848   0.5012636339   0.6655951519
C     0.5000505464   0.8332044694   0.0003043400
C     0.4996031800   0.8328226527   0.3338607501
C     0.5000134089   0.8335209189   0.6668220059
C     0.8334678492   0.1667692403  -0.0000037785
C     0.8336899503   0.1666954953   0.3333598215
C     0.8332420800   0.1668308432   0.6666866509
C     0.8333517911   0.5000648499   0.0001118826
C     0.8334623225   0.5000442664   0.3334860522
C     0.8332588227   0.5000816553   0.6665972523
C     0.8333687569   0.8333428308   0.0000956427
C     0.8331594276   0.8332041800   0.3334138470
C     0.8333834901   0.8334228244   0.6667505752
C     0.1667776135   0.0002214995   0.1668305288
C     0.1668669569   0.0002047350   0.5000817419
C     0.1667140931   0.0000806414   0.8334226419
C     0.1676433468   0.3336812933   0.1677024424
C     0.1678646282   0.3349156286   0.5012621321
C     0.1666422289   0.3334509127   0.8335213174
C     0.1666843791   0.6667793545   0.1667474696
C     0.1670959523   0.6663665428   0.4993916961
C     0.1669487052   0.6665155772   0.8331980829
C     0.5001045469  -0.0002263899   0.1666954217
C     0.4999785131   0.0000014546   0.5000442924
C     0.5000505460   0.0003043421   0.8332044679
C     0.5004907574   0.3329719580   0.1660459327
C     0.4997659193   0.3336925101   0.4964291578
C     0.4996031761   0.3338607518   0.8328226491
C     0.4997809114   0.6658188126   0.1677042264
C     0.4985436917   0.6655951606   0.5012636380
C     0.5000134090   0.6668220082   0.8335209158
C     0.8334678496  -0.0000037765   0.1667692388
C     0.8333517930   0.0001118831   0.5000648483
C     0.8333687562   0.0000956436   0.8333428289
C     0.8336899502   0.3333598235   0.1666954940
C     0.8334623217   0.3334860548   0.5000442636
C     0.8331594255   0.3334138488   0.8332041781
C     0.8332420812   0.6666866532   0.1668308419
C     0.8332588238   0.6665972548   0.5000816530
C     0.8333834891   0.6667505766   0.8334228239
C     0.0004038649   0.1669440511   0.1669440504
C    -0.0001593343   0.1665350606   0.5002275165
C     0.0000687615   0.1668112903   0.8333955695
C    -0.0001593346   0.5002275163   0.1665350578
C     0.0004790791   0.5001955311   0.5001955332
C    -0.0004570581   0.4999779632   0.8339212803
C     0.0000687628   0.8333955708   0.1668112899
C    -0.0004570560   0.8339212797   0.4999779649
C     0.0001544110   0.8333101415   0.8333101416
C     0.3336519529   0.1663008079   0.1663008058
C     0.3334895832   0.1671858597   0.4999722557
C     0.3332364832   0.1665357684   0.8336228097
C     0.3334895868   0.4999722571   0.1671858597
C     0.3332682757   0.5001959216   0.8329843157
C     0.3332364861   0.8336228124   0.1665357659
C     0.3332682787   0.8329843178   0.5001959215
C     0.3334866249   0.8339207410   0.8339207394
C     0.6669158123   0.1665483788   0.1665483756
C     0.6671618019   0.1663020341   0.4998115951
C     0.6665196967   0.1669444920   0.8330596903
C     0.6671618005   0.4998115970   0.1663020335
C     0.6662755182   0.4999726542   0.4999726495
C     0.6669278542   0.5002280142   0.8336222128
C     0.6665196983   0.8330596926   0.1669444897
C     0.6669278560   0.8336222168   0.5002280120
C     0.6666533194   0.8333958737   0.8333958716
C     0.0835196422   0.0835332314   0.0835332308
C     0.0837744716   0.0838090691   0.4168948537
C     0.0833760860   0.0833799105   0.7500888006
C     0.0837744729   0.4168948547   0.0838090684
C     0.0842023335   0.4172764430   0.4172764442
C     0.0824358389   0.4170862451   0.7510283845
C     0.0833760873   0.7500888010   0.0833799111
C     0.0824358420   0.7510283818   0.4170862475
C     0.0835338220   0.7499311295   0.7499311295
C     0.4168053848   0.0831548414   0.0831548391
C     0.4168181454   0.0833243099   0.4166460620
C     0.4165694892   0.0838102881   0.7496896136
C     0.4168181450   0.4166460658   0.0833243083
C     0.4161858840   0.4172770600   0.7492595931
C     0.4165694908   0.7496896157   0.0838102855
C     0.4161858870   0.7492595959   0.4172770611
C     0.4163779259   0.7510277154   0.7510277149
C     0.7501575970   0.0833074851   0.0833074830
C     0.7503093839   0.0831554000   0.4166592309
C     0.7499317052   0.0835336124   0.7499450868
C     0.7503093822   0.4166592336   0.0831553991
C     0.7501395589   0.4166464088   0.4166464055
C     0.7496540066   0.4168951509   0.7496888413
C     0.7499317063   0.7499450890   0.0835336105
C     0.7496540092   0.7496888455   0.4168951485
C     0.7500851447   0.7500889344   0.7500889330
C     0.2502917124   0.2501510211   0.0835563625
C     0.2515406388   0.2516261174   0.4175756485
C     0.2502622870   0.2494781312   0.7506663458
C     0.2501043236   0.5833600333   0.0835918597
C     0.2434861182   0.5899729082   0.4116917688
C     0.2501982157   0.5832651920   0.7496393708
C     0.2501269167   0.9169362121   0.0832982273
C     0.2500834088   0.9166937031   0.4168209486
C     0.2500728763   0.9168342603   0.7500983535
C     0.5836338700   0.2498306951   0.0829421908
C     0.5845435842   0.2489193376   0.4162583451
C     0.5829672452   0.2504970702   0.7495376539
C     0.5833131527   0.5831725851   0.0835575818
C     0.5818327056   0.5819187478   0.4175768144
C     0.5839853319   0.5832013862   0.7506652099
C     0.5833366742   0.9164787342   0.0834917950
C     0.5833061123   0.9165326587   0.4167958750
C     0.5833477629   0.9168892502   0.7500188163
C     0.9169860130   0.2501280431   0.0834914161
C     0.9169311936   0.2501581957   0.4167956058
C     0.9165756567   0.2501173651   0.7500185914
C     0.9165282994   0.5833378162   0.0832979082
C     0.9167709107   0.5833814523   0.4168207608
C     0.9166306148   0.5833920627   0.7500985095
C     0.9167606298   0.9167045151   0.0834293429
C     0.9164594623   0.9170050494   0.4168265602
C     0.9167705582   0.9166948222   0.7500254545
C     0.2502917119   0.0835563652   0.2501510202
C     0.2501043224   0.0835918596   0.5833600319
C     0.2501269162   0.0832982285   0.9169362112
C     0.2515406399   0.4175756453   0.2516261176
C     0.2434861493   0.4116918068   0.5899728801
C     0.2500834079   0.4168209502   0.9166937021
C     0.2502622897   0.7506663492   0.2494781288
C     0.2501982181   0.7496393683   0.5832651949
C     0.2500728762   0.7500983539   0.9168342583
C     0.5836338712   0.0829421925   0.2498306917
C     0.5833131516   0.0835575849   0.5831725827
C     0.5833366738   0.0834917977   0.9164787323
C     0.5845435832   0.4162583487   0.2489193382
C     0.5818327024   0.4175768126   0.5819187408
C     0.5833061094   0.4167958776   0.9165326535
C     0.5829672483   0.7495376579   0.2504970674
C     0.5839853342   0.7506652147   0.5832013859
C     0.5833477632   0.7500188179   0.9168892478
C     0.9169860131   0.0834914172   0.2501280417
C     0.9165282994   0.0832979091   0.5833378147
C     0.9167606295   0.0834293433   0.9167045136
C     0.9169311950   0.4167956075   0.2501581949
C     0.9167709088   0.4168207629   0.5833814499
C     0.9164594600   0.4168265617   0.9170050497
C     0.9165756599   0.7500185920   0.2501173654
C     0.9166306168   0.7500985090   0.5833920619
C     0.9167705581   0.7500254556   0.9166948220
C     0.0839253262   0.2504959161   0.2504959160
C     0.0827971563   0.2494773102   0.5832013749
C     0.0834462505   0.2501174398   0.9168890211
C     0.0827971553   0.5832013731   0.2494773073
C     0.0838245128   0.5832655790   0.5832655841
C     0.0833664642   0.5833920826   0.9168343447
C     0.0834462519   0.9168890204   0.2501174408
C     0.0833664652   0.9168343447   0.5833920817
C     0.0834395459   0.9166947663   0.9166947659
C     0.4172041373   0.2489179494   0.2489179482
C     0.4158848761   0.2516281292   0.5819196423
C     0.4166689824   0.2501587486   0.9165328296
C     0.4158848790   0.5819196470   0.2516281277
C     0.4217651137   0.5899715161   0.5899715200
C     0.4166441291   0.5833815006   0.9166937236
C     0.4166689837   0.9165328329   0.2501587456
C     0.4166441292   0.9166937267   0.5833814982
C     0.4166383485   0.9170051457   0.9170051444
C     0.7505220833   0.2498309913   0.2498309893
C     0.7499071099   0.2501519025   0.5831723831
C     0.7499733451   0.2501281940   0.9164785798
C     0.7499071106   0.5831723864   0.2501519004
C     0.7498719094   0.5833598395   0.5833598368
C     0.7501665553   0.5833379615   0.9169360125
C     0.7499733467   0.9164785819   0.2501281921
C     0.7501665568   0.9169360144   0.5833379598
C     0.7500360607   0.9167047828   0.9167047811
N     0.4239072454   0.4095487917   0.4095487940

OCCUPATIONS
1.0 1.0 1.0 1.0 1.0 1.0 1.0 1.0 1.0 1.0
1.0 1.0 1.0 1.0 1.0 1.0 1.0 1.0 1.0 1.0
1.0 1.0 1.0 1.0 1.0 1.0 1.0 1.0 1.0 1.0
1.0 1.0 1.0 1.0 1.0 1.0 1.0 1.0 1.0 1.0
1.0 1.0 1.0 1.0 1.0 1.0 1.0 1.0 1.0 1.0
1.0 1.0 1.0 1.0 1.0 1.0 1.0 1.0 1.0 1.0
1.0 1.0 1.0 1.0 1.0 1.0 1.0 1.0 1.0 1.0
1.0 1.0 1.0 1.0 1.0 1.0 1.0 1.0 1.0 1.0
1.0 1.0 1.0 1.0 1.0 1.0 1.0 1.0 1.0 1.0
1.0 1.0 1.0 1.0 1.0 1.0 1.0 1.0 1.0 1.0
1.0 1.0 1.0 1.0 1.0 1.0 1.0 1.0 1.0 1.0
1.0 1.0 1.0 1.0 1.0 1.0 1.0 1.0 1.0 1.0
1.0 1.0 1.0 1.0 1.0 1.0 1.0 1.0 1.0 1.0
1.0 1.0 1.0 1.0 1.0 1.0 1.0 1.0 1.0 1.0
1.0 1.0 1.0 1.0 1.0 1.0 1.0 1.0 1.0 1.0
1.0 1.0 1.0 1.0 1.0 1.0 1.0 1.0 1.0 1.0
1.0 1.0 1.0 1.0 1.0 1.0 1.0 1.0 1.0 1.0
1.0 1.0 1.0 1.0 1.0 1.0 1.0 1.0 1.0 1.0
1.0 1.0 1.0 1.0 1.0 1.0 1.0 1.0 1.0 1.0
1.0 1.0 1.0 1.0 1.0 1.0 1.0 1.0 1.0 1.0
1.0 1.0 1.0 1.0 1.0 1.0 1.0 1.0 1.0 1.0
1.0 1.0 1.0 1.0 1.0 1.0 1.0 1.0 1.0 1.0
1.0 1.0 1.0 1.0 1.0 1.0 1.0 1.0 1.0 1.0
1.0 1.0 1.0 1.0 1.0 1.0 1.0 1.0 1.0 1.0
1.0 1.0 1.0 1.0 1.0 1.0 1.0 1.0 1.0 1.0
1.0 1.0 1.0 1.0 1.0 1.0 1.0 1.0 1.0 1.0
1.0 1.0 1.0 1.0 1.0 1.0 1.0 1.0 1.0 1.0
1.0 1.0 1.0 1.0 1.0 1.0 1.0 1.0 1.0 1.0
1.0 1.0 1.0 1.0 1.0 1.0 1.0 1.0 1.0 1.0
1.0 1.0 1.0 1.0 1.0 1.0 1.0 1.0 1.0 1.0
1.0 1.0 1.0 1.0 1.0 1.0 1.0 1.0 1.0 1.0
1.0 1.0 1.0 1.0 1.0 1.0 1.0 1.0 1.0 1.0
1.0 1.0 1.0 1.0 1.0 1.0 1.0 1.0 1.0 1.0
1.0 1.0 1.0 1.0 1.0 1.0 1.0 1.0 1.0 1.0
1.0 1.0 1.0 1.0 1.0 1.0 1.0 1.0 1.0 1.0
1.0 1.0 1.0 1.0 1.0 1.0 1.0 1.0 1.0 1.0
1.0 1.0 1.0 1.0 1.0 1.0 1.0 1.0 1.0 1.0
1.0 1.0 1.0 1.0 1.0 1.0 1.0 1.0 1.0 1.0
1.0 1.0 1.0 1.0 1.0 1.0 1.0 1.0 1.0 1.0
1.0 1.0 1.0 1.0 1.0 1.0 1.0 1.0 1.0 1.0
1.0 1.0 1.0 1.0 1.0 1.0 1.0 1.0 1.0 1.0
1.0 1.0 1.0 1.0 1.0 1.0 1.0 1.0 1.0 1.0
1.0 1.0 1.0 1.0 1.0 1.0 1.0 1.0 1.0 1.0
1.0 1.0 0.0 0.0 0.0 0.0 0.0 0.0 0.0 0.0
0.0 0.0 0.0 0.0 0.0 0.0 0.0 0.0 0.0 0.0
0.0 0.0 0.0 0.0 0.0 0.0 0.0 0.0 0.0 0.0
0.0 0.0 0.0 0.0 0.0 0.0 0.0 0.0 0.0 0.0
0.0 0.0 0.0 0.0 0.0 0.0 0.0 0.0 0.0 0.0
0.0 0.0 0.0 0.0 0.0 0.0 0.0 0.0 0.0 0.0
0.0 0.0 0.0 0.0 0.0 0.0 0.0 0.0 0.0 0.0
0.0 0.0 0.0 0.0 0.0 0.0 0.0 0.0 0.0 0.0
0.0 0.0 0.0 0.0 0.0 0.0 0.0 0.0 0.0 0.0
0.0 0.0 0.0 0.0 0.0 0.0 0.0 0.0 0.0 0.0
0.0 0.0 0.0 0.0 0.0 0.0 0.0 0.0 0.0 0.0
0.0 0.0 0.0 0.0 0.0 0.0 0.0 0.0 0.0 0.0
0.0 0.0 0.0 0.0 0.0 0.0 0.0 0.0 0.0 0.0
0.0 0.0 0.0 0.0 0.0 0.0 0.0 0.0 0.0 0.0
0.0 0.0 0.0 0.0 0.0 0.0 0.0 0.0 0.0 0.0
0.0 0.0 0.0 0.0 0.0 0.0 0.0 0.0 0.0 0.0
0.0 0.0 0.0 0.0 0.0 0.0 0.0 0.0 0.0 0.0
0.0 0.0 0.0 0.0 0.0 0.0 0.0 0.0 0.0 0.0
0.0 0.0 0.0 0.0 0.0 0.0 0.0 0.0 0.0 0.0
0.0 0.0 0.0 0.0 0.0 0.0 0.0 0.0 0.0 0.0
0.0 0.0 0.0 0.0 0.0 0.0 0.0 0.0 0.0 0.0
0.0 0.0 0.0 0.0 0.0 0.0 0.0 0.0 0.0 0.0
0.0 0.0 0.0 0.0 0.0 0.0 0.0 0.0 0.0 0.0
0.0 0.0 0.0 0.0 0.0 0.0 0.0 0.0 0.0 0.0
0.0 0.0 0.0 0.0 0.0 0.0 0.0 0.0 0.0 0.0
0.0 0.0 0.0 0.0 0.0 0.0 0.0 0.0 0.0 0.0
0.0 0.0 0.0 0.0 0.0 0.0 0.0 0.0 0.0 0.0
0.0 0.0 0.0 0.0 0.0 0.0 0.0 0.0 0.0 0.0
0.0 0.0 0.0 0.0 0.0 0.0 0.0 0.0 0.0 0.0
0.0 0.0 0.0 0.0 0.0 0.0 0.0 0.0 0.0 0.0
0.0 0.0 0.0 0.0 0.0 0.0 0.0 0.0 0.0 0.0
0.0 0.0 0.0 0.0 0.0 0.0 0.0 0.0 0.0 0.0
0.0 0.0 0.0 0.0 0.0 0.0 0.0 0.0 0.0 0.0
0.0 0.0 0.0 0.0 0.0 0.0 0.0 0.0 0.0 0.0
0.0 0.0 0.0 0.0 0.0 0.0 0.0 0.0 0.0 0.0
0.0 0.0 0.0 0.0 0.0 0.0 0.0 0.0 0.0 0.0
0.0 0.0 0.0 0.0 0.0 0.0 0.0 0.0 0.0 0.0
0.0 0.0 0.0 0.0 0.0 0.0 0.0 0.0 0.0 0.0
0.0 0.0 0.0 0.0 0.0 0.0 0.0 0.0 0.0 0.0
0.0 0.0 0.0 0.0 0.0 0.0 0.0 0.0 0.0 0.0
0.0 0.0 0.0 0.0 0.0 0.0 0.0 0.0 0.0 0.0
0.0 0.0 0.0 0.0 0.0 0.0 0.0 0.0 0.0 0.0
0.0 0.0 0.0 0.0 0.0 0.0 0.0 0.0 0.0 0.0
0.0 0.0

1.0 1.0 1.0 1.0 1.0 1.0 1.0 1.0 1.0 1.0
1.0 1.0 1.0 1.0 1.0 1.0 1.0 1.0 1.0 1.0
1.0 1.0 1.0 1.0 1.0 1.0 1.0 1.0 1.0 1.0
1.0 1.0 1.0 1.0 1.0 1.0 1.0 1.0 1.0 1.0
1.0 1.0 1.0 1.0 1.0 1.0 1.0 1.0 1.0 1.0
1.0 1.0 1.0 1.0 1.0 1.0 1.0 1.0 1.0 1.0
1.0 1.0 1.0 1.0 1.0 1.0 1.0 1.0 1.0 1.0
1.0 1.0 1.0 1.0 1.0 1.0 1.0 1.0 1.0 1.0
1.0 1.0 1.0 1.0 1.0 1.0 1.0 1.0 1.0 1.0
1.0 1.0 1.0 1.0 1.0 1.0 1.0 1.0 1.0 1.0
1.0 1.0 1.0 1.0 1.0 1.0 1.0 1.0 1.0 1.0
1.0 1.0 1.0 1.0 1.0 1.0 1.0 1.0 1.0 1.0
1.0 1.0 1.0 1.0 1.0 1.0 1.0 1.0 1.0 1.0
1.0 1.0 1.0 1.0 1.0 1.0 1.0 1.0 1.0 1.0
1.0 1.0 1.0 1.0 1.0 1.0 1.0 1.0 1.0 1.0
1.0 1.0 1.0 1.0 1.0 1.0 1.0 1.0 1.0 1.0
1.0 1.0 1.0 1.0 1.0 1.0 1.0 1.0 1.0 1.0
1.0 1.0 1.0 1.0 1.0 1.0 1.0 1.0 1.0 1.0
1.0 1.0 1.0 1.0 1.0 1.0 1.0 1.0 1.0 1.0
1.0 1.0 1.0 1.0 1.0 1.0 1.0 1.0 1.0 1.0
1.0 1.0 1.0 1.0 1.0 1.0 1.0 1.0 1.0 1.0
1.0 1.0 1.0 1.0 1.0 1.0 1.0 1.0 1.0 1.0
1.0 1.0 1.0 1.0 1.0 1.0 1.0 1.0 1.0 1.0
1.0 1.0 1.0 1.0 1.0 1.0 1.0 1.0 1.0 1.0
1.0 1.0 1.0 1.0 1.0 1.0 1.0 1.0 1.0 1.0
1.0 1.0 1.0 1.0 1.0 1.0 1.0 1.0 1.0 1.0
1.0 1.0 1.0 1.0 1.0 1.0 1.0 1.0 1.0 1.0
1.0 1.0 1.0 1.0 1.0 1.0 1.0 1.0 1.0 1.0
1.0 1.0 1.0 1.0 1.0 1.0 1.0 1.0 1.0 1.0
1.0 1.0 1.0 1.0 1.0 1.0 1.0 1.0 1.0 1.0
1.0 1.0 1.0 1.0 1.0 1.0 1.0 1.0 1.0 1.0
1.0 1.0 1.0 1.0 1.0 1.0 1.0 1.0 1.0 1.0
1.0 1.0 1.0 1.0 1.0 1.0 1.0 1.0 1.0 1.0
1.0 1.0 1.0 1.0 1.0 1.0 1.0 1.0 1.0 1.0
1.0 1.0 1.0 1.0 1.0 1.0 1.0 1.0 1.0 1.0
1.0 1.0 1.0 1.0 1.0 1.0 1.0 1.0 1.0 1.0
1.0 1.0 1.0 1.0 1.0 1.0 1.0 1.0 1.0 1.0
1.0 1.0 1.0 1.0 1.0 1.0 1.0 1.0 1.0 1.0
1.0 1.0 1.0 1.0 1.0 1.0 1.0 1.0 1.0 1.0
1.0 1.0 1.0 1.0 1.0 1.0 1.0 1.0 1.0 1.0
1.0 1.0 1.0 1.0 1.0 1.0 1.0 1.0 1.0 1.0
1.0 1.0 1.0 1.0 1.0 1.0 1.0 1.0 1.0 1.0
1.0 1.0 1.0 1.0 1.0 1.0 1.0 1.0 1.0 0.0
0.5 0.5 0.0 0.0 0.0 0.0 0.0 0.0 0.0 0.0
0.0 0.0 0.0 0.0 0.0 0.0 0.0 0.0 0.0 0.0
0.0 0.0 0.0 0.0 0.0 0.0 0.0 0.0 0.0 0.0
0.0 0.0 0.0 0.0 0.0 0.0 0.0 0.0 0.0 0.0
0.0 0.0 0.0 0.0 0.0 0.0 0.0 0.0 0.0 0.0
0.0 0.0 0.0 0.0 0.0 0.0 0.0 0.0 0.0 0.0
0.0 0.0 0.0 0.0 0.0 0.0 0.0 0.0 0.0 0.0
0.0 0.0 0.0 0.0 0.0 0.0 0.0 0.0 0.0 0.0
0.0 0.0 0.0 0.0 0.0 0.0 0.0 0.0 0.0 0.0
0.0 0.0 0.0 0.0 0.0 0.0 0.0 0.0 0.0 0.0
0.0 0.0 0.0 0.0 0.0 0.0 0.0 0.0 0.0 0.0
0.0 0.0 0.0 0.0 0.0 0.0 0.0 0.0 0.0 0.0
0.0 0.0 0.0 0.0 0.0 0.0 0.0 0.0 0.0 0.0
0.0 0.0 0.0 0.0 0.0 0.0 0.0 0.0 0.0 0.0
0.0 0.0 0.0 0.0 0.0 0.0 0.0 0.0 0.0 0.0
0.0 0.0 0.0 0.0 0.0 0.0 0.0 0.0 0.0 0.0
0.0 0.0 0.0 0.0 0.0 0.0 0.0 0.0 0.0 0.0
0.0 0.0 0.0 0.0 0.0 0.0 0.0 0.0 0.0 0.0
0.0 0.0 0.0 0.0 0.0 0.0 0.0 0.0 0.0 0.0
0.0 0.0 0.0 0.0 0.0 0.0 0.0 0.0 0.0 0.0
0.0 0.0 0.0 0.0 0.0 0.0 0.0 0.0 0.0 0.0
0.0 0.0 0.0 0.0 0.0 0.0 0.0 0.0 0.0 0.0
0.0 0.0 0.0 0.0 0.0 0.0 0.0 0.0 0.0 0.0
0.0 0.0 0.0 0.0 0.0 0.0 0.0 0.0 0.0 0.0
0.0 0.0 0.0 0.0 0.0 0.0 0.0 0.0 0.0 0.0
0.0 0.0 0.0 0.0 0.0 0.0 0.0 0.0 0.0 0.0
0.0 0.0 0.0 0.0 0.0 0.0 0.0 0.0 0.0 0.0
0.0 0.0 0.0 0.0 0.0 0.0 0.0 0.0 0.0 0.0
0.0 0.0 0.0 0.0 0.0 0.0 0.0 0.0 0.0 0.0
0.0 0.0 0.0 0.0 0.0 0.0 0.0 0.0 0.0 0.0
0.0 0.0 0.0 0.0 0.0 0.0 0.0 0.0 0.0 0.0
0.0 0.0 0.0 0.0 0.0 0.0 0.0 0.0 0.0 0.0
0.0 0.0 0.0 0.0 0.0 0.0 0.0 0.0 0.0 0.0
0.0 0.0 0.0 0.0 0.0 0.0 0.0 0.0 0.0 0.0
0.0 0.0 0.0 0.0 0.0 0.0 0.0 0.0 0.0 0.0
0.0 0.0 0.0 0.0 0.0 0.0 0.0 0.0 0.0 0.0
0.0 0.0 0.0 0.0 0.0 0.0 0.0 0.0 0.0 0.0
0.0 0.0 0.0 0.0 0.0 0.0 0.0 0.0 0.0 0.0
0.0 0.0 0.0 0.0 0.0 0.0 0.0 0.0 0.0 0.0
0.0 0.0 0.0 0.0 0.0 0.0 0.0 0.0 0.0 0.0
0.0 0.0 0.0 0.0 0.0 0.0 0.0 0.0 0.0 0.0
0.0 0.0 0.0 0.0 0.0 0.0 0.0 0.0 0.0 0.0
0.0 0.0 0.0 0.0 0.0 0.0 0.0 0.0 0.0 0.0
0.0 0.0
