&CONTROL
  calculation = 'scf',
  prefix      = 'diamond_pd',
  outdir      = './tmp',
  pseudo_dir  = '../../pseudos/',
  verbosity = 'low',
  tprnfor = .true.,
  tstress = .true.,
  forc_conv_thr = 5.0d-4,
  etot_conv_thr = 1.0d-4,
  restart_mode = 'from_scratch',
  nstep         = 140,
  disk_io = 'nowf',
/

&SYSTEM
  ibrav =  0,
  nat  = 215,
  ntyp = 2,
  ecutwfc = 45.0,
  ecutrho = 180.0,
  occupations = 'from_input',
  !smearing    = 'gaussian'
  !degauss     = 0.005
  nspin       = 2
  !starting_magnetization(1) = 0.0
  !starting_magnetization(2) = 0.1
  tot_magnetization = 2.0
  nbnd = 862,
  tot_charge = -1.0
/

&ELECTRONS
  conv_thr = 1.0d-8,
  electron_maxstep = 100,
  mixing_beta = 0.7,
  mixing_mode = 'plain',
  scf_must_converge = .TRUE.,
  startingwfc = 'random',
/

ATOMIC_SPECIES
  C  12.0107 C.pbe-n-kjpaw_psl.1.0.0.UPF
  N  14.0067 N.pbe-n-kjpaw_psl.1.0.0.UPF

K_POINTS (automatic)
1 1 1 0 0 0

CELL_PARAMETERS {angstrom}
  -7.5777929652   0.0000000000   7.5777929652
   4.3750408084   8.7500816165   4.3750408084
  -6.1872420470   6.1872420472  -6.1872420470

ATOMIC_POSITIONS (crystal)
C     0.0001099480   0.0000694464   0.0000694462
C     0.0002175546   0.0002659056   0.3333787728
C     0.0000587450  -0.0000471945   0.6667398593
C     0.0002175545   0.3333787734   0.0002659046
C     0.0006402242   0.3338472361   0.3338472365
C    -0.0000947987   0.3332997753   0.6667735828
C     0.0000587449   0.6667398602  -0.0000471951
C    -0.0000947967   0.6667735834   0.3332997751
C     0.0005021259   0.6663424439   0.6663424449
C     0.3333630992   0.0001740921   0.0001740899
C     0.3334026358   0.0000052287   0.3334880664
C     0.3334138004   0.0000849360   0.6665834955
C     0.3334026359   0.3334880684   0.0000052266
C     0.3361594862   0.3341612909   0.3341612895
C     0.3319183387   0.3341954600   0.6660143014
C     0.3334138005   0.6665834975   0.0000849339
C     0.3319183427   0.6660143092   0.3341954547
C     0.3344017123   0.6659598555   0.6659598552
C     0.6666882057   0.0000269743   0.0000269727
C     0.6666894467  -0.0000937240   0.3333927044
C     0.6666858259   0.0002323561   0.6667100472
C     0.6666894458   0.3333927062  -0.0000937265
C     0.6671672867   0.3331705468   0.3331705436
C     0.6658768120   0.3336707853   0.6659501336
C     0.6666858264   0.6667100491   0.0002323539
C     0.6658768135   0.6659501377   0.3336707842
C     0.6669876045   0.6668474758   0.6668474738
C     0.1667542194   0.1667786370   0.0002317573
C     0.1675118452   0.1675849440   0.3336697414
C     0.1666162608   0.1664760473   0.6668473533
C     0.1668806090   0.5000503082   0.0000847654
C     0.1674481008   0.5015442014   0.3341948203
C     0.1675026994   0.4990612521   0.6659608523
C     0.1667243763   0.8334056901  -0.0000473480
C     0.1666907092   0.8335587992   0.3333003073
C     0.1671219685   0.8329620888   0.6663420390
C     0.5000713953   0.1667749643  -0.0000937828
C     0.5002934669   0.1662962776   0.3331698393
C     0.4997928082   0.1675867112   0.6659509109
C     0.4999760118   0.5000614898   0.0000054387
C     0.4992971516   0.4972996386   0.3341634848
C     0.4992660771   0.5015444014   0.6660130622
C     0.5000853842   0.8332468063   0.0002664117
C     0.4996157867   0.8328225503   0.3338479492
C     0.5001638946   0.8335586830   0.6667736631
C     0.8334375707   0.1667760778   0.0000268772
C     0.8335580729   0.1667750923   0.3333927654
C     0.8332325545   0.1667789167   0.6667098637
C     0.8332903004   0.5001010747   0.0001742965
C     0.8334590082   0.5000615281   0.3334882640
C     0.8333795100   0.5000502916   0.6665833872
C     0.8333951539   0.8333543785   0.0000695866
C     0.8331982061   0.8332464533   0.3333788036
C     0.8335121890   0.8334060052   0.6667400043
C     0.1667542195   0.0002317582   0.1667786364
C     0.1668806089   0.0000847667   0.5000503067
C     0.1667243763  -0.0000473471   0.8334056892
C     0.1675118466   0.3336697416   0.1675849425
C     0.1674481030   0.3341948244   0.5015442044
C     0.1666907077   0.3333003071   0.8335587984
C     0.1666162616   0.6668473547   0.1664760462
C     0.1675027019   0.6659608505   0.4990612596
C     0.1671219677   0.6663420387   0.8329620878
C     0.5000713956  -0.0000937806   0.1667749622
C     0.4999760118   0.0000054417   0.5000614877
C     0.5000853839   0.0002664140   0.8332468043
C     0.5002934669   0.3331698429   0.1662962753
C     0.4992971552   0.3341634816   0.4972996313
C     0.4996157842   0.3338479506   0.8328225470
C     0.4997928095   0.6659509134   0.1675867089
C     0.4992660836   0.6660130714   0.5015444041
C     0.5001638945   0.6667736648   0.8335586801
C     0.8334375709   0.0000268786   0.1667760770
C     0.8332903015   0.0001742982   0.5001010737
C     0.8333951534   0.0000695872   0.8333543774
C     0.8335580729   0.3333927668   0.1667750909
C     0.8334590075   0.3334882662   0.5000615258
C     0.8331982047   0.3333788047   0.8332464510
C     0.8332325555   0.6667098658   0.1667789153
C     0.8333795107   0.6665833893   0.5000502901
C     0.8335121885   0.6667400049   0.8334060045
C     0.0003211529   0.1669333184   0.1669333177
C    -0.0004017930   0.1662352559   0.5002315224
C     0.0000865679   0.1667556579   0.8333778481
C    -0.0004017934   0.5002315228   0.1662352536
C     0.0005995737   0.5000850168   0.5000850170
C    -0.0004056263   0.4999224429   0.8338702329
C     0.0000865686   0.8333778494   0.1667556576
C    -0.0004056249   0.8338702336   0.4999224433
C     0.0002392760   0.8332252728   0.8332252730
C     0.3334923704   0.1665563370   0.1665563348
C     0.3334287926   0.1670805588   0.5000339724
C     0.3332322383   0.1662362752   0.8338652460
C     0.3334287943   0.5000339749   0.1670805578
C     0.3333790200   0.5000849654   0.8328641392
C     0.3332322394   0.8338652492   0.1662362725
C     0.3333790216   0.8328641409   0.5000849648
C     0.3335417935   0.8338697621   0.8338697600
C     0.6668173689   0.1666470365   0.1666470342
C     0.6669070404   0.1665574907   0.4999713088
C     0.6665307124   0.1669336523   0.8331427144
C     0.6669070398   0.4999713109   0.1665574892
C     0.6663819629   0.5000341637   0.5000341598
C     0.6672277349   0.5002320223   0.8338647629
C     0.6665307136   0.8331427165   0.1669336506
C     0.6672277368   0.8338647671   0.5002320212
C     0.6667091092   0.8333782438   0.8333782420
C     0.0834747934   0.0835126826   0.0835126821
C     0.0836736760   0.0836658856   0.4168866034
C     0.0833734880   0.0832116475   0.7500907897
C     0.0836736764   0.4168866044   0.0836658845
C     0.0842589691   0.4172670972   0.4172670962
C     0.0825077124   0.4168865774   0.7509559463
C     0.0833734886   0.7500907905   0.0832116473
C     0.0825077150   0.7509559448   0.4168865792
C     0.0837091089   0.7497551953   0.7497551949
C     0.4167779735   0.0833254433   0.0833254414
C     0.4167449301   0.0833257412   0.4167191111
C     0.4165773547   0.0836666667   0.7497900647
C     0.4167449301   0.4167191146   0.0833257388
C     0.4161952937   0.4172677693   0.7492033516
C     0.4165773555   0.7497900674   0.0836666643
C     0.4161952963   0.7492033547   0.4172677681
C     0.4165776832   0.7509557841   0.7509557830
C     0.7501224574   0.0833415570   0.0833415559
C     0.7501380516   0.0833257935   0.4166863285
C     0.7499511841   0.0835129816   0.7499892673
C     0.7501380509   0.4166863304   0.0833257920
C     0.7501381317   0.4167194968   0.4167194935
C     0.7497971385   0.4168870107   0.7497898174
C     0.7499511849   0.7499892690   0.0835129803
C     0.7497971402   0.7497898210   0.4168870090
C     0.7502525614   0.7500910160   0.7500910147
C     0.2502131219   0.2501891705   0.0835580503
C     0.2512026209   0.2513766626   0.4176816662
C     0.2503178629   0.2489217776   0.7510581175
C     0.2500760450   0.5833880010   0.0834445606
C     0.2425563672   0.5909016904   0.4089615055
C     0.2505307205   0.5829325781   0.7492954778
C     0.2501491853   0.9170265116   0.0831519474
C     0.2501037885   0.9166332723   0.4167763004
C     0.2501333535   0.9166727421   0.7500181028
C     0.5835475111   0.2499166718   0.0831125468
C     0.5841024165   0.2493607049   0.4163473152
C     0.5829996219   0.2504643165   0.7496243729
C     0.5832746874   0.5832508290   0.0835587991
C     0.5820836092   0.5822579720   0.4176828405
C     0.5845412268   0.5831459229   0.7510577568
C     0.5833336925   0.9165601081   0.0835052381
C     0.5833359475   0.9165933487   0.4167992127
C     0.5834023634   0.9168841495   0.7500269639
C     0.9169036805   0.2501304222   0.0835049945
C     0.9168703054   0.2501282403   0.4167988187
C     0.9165800538   0.2500622860   0.7500267763
C     0.9164369624   0.5833149193   0.0831516366
C     0.9168310639   0.5833607187   0.4167761728
C     0.9167914371   0.5833311329   0.7500181257
C     0.9167622924   0.9167017441   0.0834105282
C     0.9164442456   0.9170194112   0.4167937326
C     0.9168401427   0.9166240110   0.7500103752
C     0.2502131220   0.0835580523   0.2501891693
C     0.2500760447   0.0834445618   0.5833879990
C     0.2501491845   0.0831519488   0.9170265100
C     0.2512026214   0.4176816660   0.2513766621
C     0.2425563797   0.4089615209   0.5909016753
C     0.2501037876   0.4167763015   0.9166332710
C     0.2503178654   0.7510581205   0.2489217759
C     0.2505307214   0.7492954773   0.5829325797
C     0.2501333534   0.7500181042   0.9166727402
C     0.5835475115   0.0831125488   0.2499166695
C     0.5832746867   0.0835588019   0.5832508264
C     0.5833336923   0.0835052398   0.9165601064
C     0.5841024155   0.4163473192   0.2493607039
C     0.5820836069   0.4176828400   0.5822579652
C     0.5833359460   0.4167992147   0.9165933448
C     0.5829996238   0.7496243762   0.2504643142
C     0.5845412290   0.7510577617   0.5831459217
C     0.5834023636   0.7500269656   0.9168841472
C     0.9169036806   0.0835049955   0.2501304214
C     0.9164369625   0.0831516381   0.5833149186
C     0.9167622922   0.0834105284   0.9167017431
C     0.9168703062   0.4167988202   0.2501282389
C     0.9168310627   0.4167761743   0.5833607168
C     0.9164442443   0.4167937329   0.9170194102
C     0.9165800558   0.7500267773   0.2500622861
C     0.9167914382   0.7500181263   0.5833311322
C     0.9168401425   0.7500103757   0.9166240107
C     0.0838388863   0.2504637528   0.2504637519
C     0.0824045918   0.2489211295   0.5831450242
C     0.0834375130   0.2500622422   0.9168837491
C     0.0824045920   0.5831450235   0.2489211278
C     0.0841679780   0.5829324999   0.5829325021
C     0.0834463164   0.5833312285   0.9166726856
C     0.0834375140   0.9168837496   0.2500622429
C     0.0834463171   0.9166726863   0.5833312277
C     0.0834538919   0.9166240080   0.9166240075
C     0.4171157295   0.2493597376   0.2493597350
C     0.4157791442   0.2513781239   0.5822580644
C     0.4166653708   0.2501285564   0.9165932758
C     0.4157791453   0.5822580697   0.2513781224
C     0.4244967016   0.5909011861   0.5909011842
C     0.4166885074   0.5833609426   0.9166334803
C     0.4166653716   0.9165932786   0.2501285543
C     0.4166885075   0.9166334828   0.5833609403
C     0.4166707032   0.9170194825   0.9170194806
C     0.7503511019   0.2499168022   0.2499168003
C     0.7499052128   0.2501897520   0.5832508928
C     0.7499588696   0.2501305712   0.9165600841
C     0.7499052137   0.5832508957   0.2501897499
C     0.7500193409   0.5833882651   0.5833882630
C     0.7503117855   0.5833151104   0.9170263875
C     0.7499588703   0.9165600861   0.2501305702
C     0.7503117865   0.9170263899   0.5833151091
C     0.7500536182   0.9167018537   0.9167018526
N     0.4223726806   0.4110842593   0.4110842626

OCCUPATIONS
1.0 1.0 1.0 1.0 1.0 1.0 1.0 1.0 1.0 1.0
1.0 1.0 1.0 1.0 1.0 1.0 1.0 1.0 1.0 1.0
1.0 1.0 1.0 1.0 1.0 1.0 1.0 1.0 1.0 1.0
1.0 1.0 1.0 1.0 1.0 1.0 1.0 1.0 1.0 1.0
1.0 1.0 1.0 1.0 1.0 1.0 1.0 1.0 1.0 1.0
1.0 1.0 1.0 1.0 1.0 1.0 1.0 1.0 1.0 1.0
1.0 1.0 1.0 1.0 1.0 1.0 1.0 1.0 1.0 1.0
1.0 1.0 1.0 1.0 1.0 1.0 1.0 1.0 1.0 1.0
1.0 1.0 1.0 1.0 1.0 1.0 1.0 1.0 1.0 1.0
1.0 1.0 1.0 1.0 1.0 1.0 1.0 1.0 1.0 1.0
1.0 1.0 1.0 1.0 1.0 1.0 1.0 1.0 1.0 1.0
1.0 1.0 1.0 1.0 1.0 1.0 1.0 1.0 1.0 1.0
1.0 1.0 1.0 1.0 1.0 1.0 1.0 1.0 1.0 1.0
1.0 1.0 1.0 1.0 1.0 1.0 1.0 1.0 1.0 1.0
1.0 1.0 1.0 1.0 1.0 1.0 1.0 1.0 1.0 1.0
1.0 1.0 1.0 1.0 1.0 1.0 1.0 1.0 1.0 1.0
1.0 1.0 1.0 1.0 1.0 1.0 1.0 1.0 1.0 1.0
1.0 1.0 1.0 1.0 1.0 1.0 1.0 1.0 1.0 1.0
1.0 1.0 1.0 1.0 1.0 1.0 1.0 1.0 1.0 1.0
1.0 1.0 1.0 1.0 1.0 1.0 1.0 1.0 1.0 1.0
1.0 1.0 1.0 1.0 1.0 1.0 1.0 1.0 1.0 1.0
1.0 1.0 1.0 1.0 1.0 1.0 1.0 1.0 1.0 1.0
1.0 1.0 1.0 1.0 1.0 1.0 1.0 1.0 1.0 1.0
1.0 1.0 1.0 1.0 1.0 1.0 1.0 1.0 1.0 1.0
1.0 1.0 1.0 1.0 1.0 1.0 1.0 1.0 1.0 1.0
1.0 1.0 1.0 1.0 1.0 1.0 1.0 1.0 1.0 1.0
1.0 1.0 1.0 1.0 1.0 1.0 1.0 1.0 1.0 1.0
1.0 1.0 1.0 1.0 1.0 1.0 1.0 1.0 1.0 1.0
1.0 1.0 1.0 1.0 1.0 1.0 1.0 1.0 1.0 1.0
1.0 1.0 1.0 1.0 1.0 1.0 1.0 1.0 1.0 1.0
1.0 1.0 1.0 1.0 1.0 1.0 1.0 1.0 1.0 1.0
1.0 1.0 1.0 1.0 1.0 1.0 1.0 1.0 1.0 1.0
1.0 1.0 1.0 1.0 1.0 1.0 1.0 1.0 1.0 1.0
1.0 1.0 1.0 1.0 1.0 1.0 1.0 1.0 1.0 1.0
1.0 1.0 1.0 1.0 1.0 1.0 1.0 1.0 1.0 1.0
1.0 1.0 1.0 1.0 1.0 1.0 1.0 1.0 1.0 1.0
1.0 1.0 1.0 1.0 1.0 1.0 1.0 1.0 1.0 1.0
1.0 1.0 1.0 1.0 1.0 1.0 1.0 1.0 1.0 1.0
1.0 1.0 1.0 1.0 1.0 1.0 1.0 1.0 1.0 1.0
1.0 1.0 1.0 1.0 1.0 1.0 1.0 1.0 1.0 1.0
1.0 1.0 1.0 1.0 1.0 1.0 1.0 1.0 1.0 1.0
1.0 1.0 1.0 1.0 1.0 1.0 1.0 1.0 1.0 1.0
1.0 1.0 1.0 1.0 1.0 1.0 1.0 1.0 1.0 1.0
1.0 1.0 0.0 0.0 0.0 0.0 0.0 0.0 0.0 0.0
0.0 0.0 0.0 0.0 0.0 0.0 0.0 0.0 0.0 0.0
0.0 0.0 0.0 0.0 0.0 0.0 0.0 0.0 0.0 0.0
0.0 0.0 0.0 0.0 0.0 0.0 0.0 0.0 0.0 0.0
0.0 0.0 0.0 0.0 0.0 0.0 0.0 0.0 0.0 0.0
0.0 0.0 0.0 0.0 0.0 0.0 0.0 0.0 0.0 0.0
0.0 0.0 0.0 0.0 0.0 0.0 0.0 0.0 0.0 0.0
0.0 0.0 0.0 0.0 0.0 0.0 0.0 0.0 0.0 0.0
0.0 0.0 0.0 0.0 0.0 0.0 0.0 0.0 0.0 0.0
0.0 0.0 0.0 0.0 0.0 0.0 0.0 0.0 0.0 0.0
0.0 0.0 0.0 0.0 0.0 0.0 0.0 0.0 0.0 0.0
0.0 0.0 0.0 0.0 0.0 0.0 0.0 0.0 0.0 0.0
0.0 0.0 0.0 0.0 0.0 0.0 0.0 0.0 0.0 0.0
0.0 0.0 0.0 0.0 0.0 0.0 0.0 0.0 0.0 0.0
0.0 0.0 0.0 0.0 0.0 0.0 0.0 0.0 0.0 0.0
0.0 0.0 0.0 0.0 0.0 0.0 0.0 0.0 0.0 0.0
0.0 0.0 0.0 0.0 0.0 0.0 0.0 0.0 0.0 0.0
0.0 0.0 0.0 0.0 0.0 0.0 0.0 0.0 0.0 0.0
0.0 0.0 0.0 0.0 0.0 0.0 0.0 0.0 0.0 0.0
0.0 0.0 0.0 0.0 0.0 0.0 0.0 0.0 0.0 0.0
0.0 0.0 0.0 0.0 0.0 0.0 0.0 0.0 0.0 0.0
0.0 0.0 0.0 0.0 0.0 0.0 0.0 0.0 0.0 0.0
0.0 0.0 0.0 0.0 0.0 0.0 0.0 0.0 0.0 0.0
0.0 0.0 0.0 0.0 0.0 0.0 0.0 0.0 0.0 0.0
0.0 0.0 0.0 0.0 0.0 0.0 0.0 0.0 0.0 0.0
0.0 0.0 0.0 0.0 0.0 0.0 0.0 0.0 0.0 0.0
0.0 0.0 0.0 0.0 0.0 0.0 0.0 0.0 0.0 0.0
0.0 0.0 0.0 0.0 0.0 0.0 0.0 0.0 0.0 0.0
0.0 0.0 0.0 0.0 0.0 0.0 0.0 0.0 0.0 0.0
0.0 0.0 0.0 0.0 0.0 0.0 0.0 0.0 0.0 0.0
0.0 0.0 0.0 0.0 0.0 0.0 0.0 0.0 0.0 0.0
0.0 0.0 0.0 0.0 0.0 0.0 0.0 0.0 0.0 0.0
0.0 0.0 0.0 0.0 0.0 0.0 0.0 0.0 0.0 0.0
0.0 0.0 0.0 0.0 0.0 0.0 0.0 0.0 0.0 0.0
0.0 0.0 0.0 0.0 0.0 0.0 0.0 0.0 0.0 0.0
0.0 0.0 0.0 0.0 0.0 0.0 0.0 0.0 0.0 0.0
0.0 0.0 0.0 0.0 0.0 0.0 0.0 0.0 0.0 0.0
0.0 0.0 0.0 0.0 0.0 0.0 0.0 0.0 0.0 0.0
0.0 0.0 0.0 0.0 0.0 0.0 0.0 0.0 0.0 0.0
0.0 0.0 0.0 0.0 0.0 0.0 0.0 0.0 0.0 0.0
0.0 0.0 0.0 0.0 0.0 0.0 0.0 0.0 0.0 0.0
0.0 0.0 0.0 0.0 0.0 0.0 0.0 0.0 0.0 0.0
0.0 0.0 0.0 0.0 0.0 0.0 0.0 0.0 0.0 0.0
0.0 0.0

1.0 1.0 1.0 1.0 1.0 1.0 1.0 1.0 1.0 1.0
1.0 1.0 1.0 1.0 1.0 1.0 1.0 1.0 1.0 1.0
1.0 1.0 1.0 1.0 1.0 1.0 1.0 1.0 1.0 1.0
1.0 1.0 1.0 1.0 1.0 1.0 1.0 1.0 1.0 1.0
1.0 1.0 1.0 1.0 1.0 1.0 1.0 1.0 1.0 1.0
1.0 1.0 1.0 1.0 1.0 1.0 1.0 1.0 1.0 1.0
1.0 1.0 1.0 1.0 1.0 1.0 1.0 1.0 1.0 1.0
1.0 1.0 1.0 1.0 1.0 1.0 1.0 1.0 1.0 1.0
1.0 1.0 1.0 1.0 1.0 1.0 1.0 1.0 1.0 1.0
1.0 1.0 1.0 1.0 1.0 1.0 1.0 1.0 1.0 1.0
1.0 1.0 1.0 1.0 1.0 1.0 1.0 1.0 1.0 1.0
1.0 1.0 1.0 1.0 1.0 1.0 1.0 1.0 1.0 1.0
1.0 1.0 1.0 1.0 1.0 1.0 1.0 1.0 1.0 1.0
1.0 1.0 1.0 1.0 1.0 1.0 1.0 1.0 1.0 1.0
1.0 1.0 1.0 1.0 1.0 1.0 1.0 1.0 1.0 1.0
1.0 1.0 1.0 1.0 1.0 1.0 1.0 1.0 1.0 1.0
1.0 1.0 1.0 1.0 1.0 1.0 1.0 1.0 1.0 1.0
1.0 1.0 1.0 1.0 1.0 1.0 1.0 1.0 1.0 1.0
1.0 1.0 1.0 1.0 1.0 1.0 1.0 1.0 1.0 1.0
1.0 1.0 1.0 1.0 1.0 1.0 1.0 1.0 1.0 1.0
1.0 1.0 1.0 1.0 1.0 1.0 1.0 1.0 1.0 1.0
1.0 1.0 1.0 1.0 1.0 1.0 1.0 1.0 1.0 1.0
1.0 1.0 1.0 1.0 1.0 1.0 1.0 1.0 1.0 1.0
1.0 1.0 1.0 1.0 1.0 1.0 1.0 1.0 1.0 1.0
1.0 1.0 1.0 1.0 1.0 1.0 1.0 1.0 1.0 1.0
1.0 1.0 1.0 1.0 1.0 1.0 1.0 1.0 1.0 1.0
1.0 1.0 1.0 1.0 1.0 1.0 1.0 1.0 1.0 1.0
1.0 1.0 1.0 1.0 1.0 1.0 1.0 1.0 1.0 1.0
1.0 1.0 1.0 1.0 1.0 1.0 1.0 1.0 1.0 1.0
1.0 1.0 1.0 1.0 1.0 1.0 1.0 1.0 1.0 1.0
1.0 1.0 1.0 1.0 1.0 1.0 1.0 1.0 1.0 1.0
1.0 1.0 1.0 1.0 1.0 1.0 1.0 1.0 1.0 1.0
1.0 1.0 1.0 1.0 1.0 1.0 1.0 1.0 1.0 1.0
1.0 1.0 1.0 1.0 1.0 1.0 1.0 1.0 1.0 1.0
1.0 1.0 1.0 1.0 1.0 1.0 1.0 1.0 1.0 1.0
1.0 1.0 1.0 1.0 1.0 1.0 1.0 1.0 1.0 1.0
1.0 1.0 1.0 1.0 1.0 1.0 1.0 1.0 1.0 1.0
1.0 1.0 1.0 1.0 1.0 1.0 1.0 1.0 1.0 1.0
1.0 1.0 1.0 1.0 1.0 1.0 1.0 1.0 1.0 1.0
1.0 1.0 1.0 1.0 1.0 1.0 1.0 1.0 1.0 1.0
1.0 1.0 1.0 1.0 1.0 1.0 1.0 1.0 1.0 1.0
1.0 1.0 1.0 1.0 1.0 1.0 1.0 1.0 1.0 1.0
1.0 1.0 1.0 1.0 1.0 1.0 1.0 1.0 1.0 0.0
0.5 0.5 0.0 0.0 0.0 0.0 0.0 0.0 0.0 0.0
0.0 0.0 0.0 0.0 0.0 0.0 0.0 0.0 0.0 0.0
0.0 0.0 0.0 0.0 0.0 0.0 0.0 0.0 0.0 0.0
0.0 0.0 0.0 0.0 0.0 0.0 0.0 0.0 0.0 0.0
0.0 0.0 0.0 0.0 0.0 0.0 0.0 0.0 0.0 0.0
0.0 0.0 0.0 0.0 0.0 0.0 0.0 0.0 0.0 0.0
0.0 0.0 0.0 0.0 0.0 0.0 0.0 0.0 0.0 0.0
0.0 0.0 0.0 0.0 0.0 0.0 0.0 0.0 0.0 0.0
0.0 0.0 0.0 0.0 0.0 0.0 0.0 0.0 0.0 0.0
0.0 0.0 0.0 0.0 0.0 0.0 0.0 0.0 0.0 0.0
0.0 0.0 0.0 0.0 0.0 0.0 0.0 0.0 0.0 0.0
0.0 0.0 0.0 0.0 0.0 0.0 0.0 0.0 0.0 0.0
0.0 0.0 0.0 0.0 0.0 0.0 0.0 0.0 0.0 0.0
0.0 0.0 0.0 0.0 0.0 0.0 0.0 0.0 0.0 0.0
0.0 0.0 0.0 0.0 0.0 0.0 0.0 0.0 0.0 0.0
0.0 0.0 0.0 0.0 0.0 0.0 0.0 0.0 0.0 0.0
0.0 0.0 0.0 0.0 0.0 0.0 0.0 0.0 0.0 0.0
0.0 0.0 0.0 0.0 0.0 0.0 0.0 0.0 0.0 0.0
0.0 0.0 0.0 0.0 0.0 0.0 0.0 0.0 0.0 0.0
0.0 0.0 0.0 0.0 0.0 0.0 0.0 0.0 0.0 0.0
0.0 0.0 0.0 0.0 0.0 0.0 0.0 0.0 0.0 0.0
0.0 0.0 0.0 0.0 0.0 0.0 0.0 0.0 0.0 0.0
0.0 0.0 0.0 0.0 0.0 0.0 0.0 0.0 0.0 0.0
0.0 0.0 0.0 0.0 0.0 0.0 0.0 0.0 0.0 0.0
0.0 0.0 0.0 0.0 0.0 0.0 0.0 0.0 0.0 0.0
0.0 0.0 0.0 0.0 0.0 0.0 0.0 0.0 0.0 0.0
0.0 0.0 0.0 0.0 0.0 0.0 0.0 0.0 0.0 0.0
0.0 0.0 0.0 0.0 0.0 0.0 0.0 0.0 0.0 0.0
0.0 0.0 0.0 0.0 0.0 0.0 0.0 0.0 0.0 0.0
0.0 0.0 0.0 0.0 0.0 0.0 0.0 0.0 0.0 0.0
0.0 0.0 0.0 0.0 0.0 0.0 0.0 0.0 0.0 0.0
0.0 0.0 0.0 0.0 0.0 0.0 0.0 0.0 0.0 0.0
0.0 0.0 0.0 0.0 0.0 0.0 0.0 0.0 0.0 0.0
0.0 0.0 0.0 0.0 0.0 0.0 0.0 0.0 0.0 0.0
0.0 0.0 0.0 0.0 0.0 0.0 0.0 0.0 0.0 0.0
0.0 0.0 0.0 0.0 0.0 0.0 0.0 0.0 0.0 0.0
0.0 0.0 0.0 0.0 0.0 0.0 0.0 0.0 0.0 0.0
0.0 0.0 0.0 0.0 0.0 0.0 0.0 0.0 0.0 0.0
0.0 0.0 0.0 0.0 0.0 0.0 0.0 0.0 0.0 0.0
0.0 0.0 0.0 0.0 0.0 0.0 0.0 0.0 0.0 0.0
0.0 0.0 0.0 0.0 0.0 0.0 0.0 0.0 0.0 0.0
0.0 0.0 0.0 0.0 0.0 0.0 0.0 0.0 0.0 0.0
0.0 0.0 0.0 0.0 0.0 0.0 0.0 0.0 0.0 0.0
0.0 0.0
