# k-point: 0.000000  0.000000  0.000000
# band     ipr_up            ipr_norm_up       ipr_dw            ipr_norm_dw       Energy_up(eV)   Energy_dw(eV)
     1   5.2317867788e-06   1.3268827996e-02   4.0201591119e-06   2.3243229404e-03      -8.297900      -8.279200
     2   3.9371227705e-05   3.2843279361e-01   3.5786150142e-05   2.8306177510e-01      -7.651600      -7.601200
     3   4.0658359761e-06   2.5051579201e-03   4.0596357370e-06   2.6732044577e-03      -7.230000      -7.224400
     4   4.0647472583e-06   2.4951072392e-03   4.0586654419e-06   2.6646293065e-03      -7.229900      -7.224400
     5   3.8999552106e-06   9.7380185633e-04   3.9018122864e-06   1.2784123550e-03      -7.189500      -7.185400
     6   3.9004535403e-06   9.7840227050e-04   3.9021605623e-06   1.2814903037e-03      -7.189500      -7.185400
     7   4.3128964924e-06   4.7859384465e-03   4.2993158426e-06   4.7914189377e-03      -7.171100      -7.161700
     8   1.3106066931e-05   8.5961563784e-02   1.3696761151e-05   8.7842970839e-02      -6.670300      -6.643400
     9   5.4926039849e-06   1.5676605707e-02   5.5260683427e-06   1.5633056807e-02      -6.254200      -6.246600
    10   5.4919751736e-06   1.5670800731e-02   5.5255770620e-06   1.5628715029e-02      -6.254100      -6.246600
    11   5.4858777914e-06   1.5614511726e-02   5.4674907705e-06   1.5115367359e-02      -6.221200      -6.215500
    12   5.4850851218e-06   1.5607194064e-02   5.4667433656e-06   1.5108762039e-02      -6.221200      -6.215500
    13   6.4469621867e-06   2.4486923256e-02   6.4474942643e-06   2.3776318112e-02      -6.207900      -6.201500
    14   4.6745250843e-06   8.1243733482e-03   4.8162319189e-06   9.3597543662e-03      -6.186800      -6.182100
    15   4.6758681619e-06   8.1367721938e-03   4.8182433774e-06   9.3775309791e-03      -6.186800      -6.182100
    16   5.9330785225e-06   1.9742920159e-02   5.9267653751e-06   1.9174286289e-02      -6.183000      -6.179000
    17   5.9331556003e-06   1.9743631717e-02   5.9268460876e-06   1.9174999600e-02      -6.183000      -6.179000
    18   4.4354062124e-06   5.9169074418e-03   4.4357552849e-06   5.9972261602e-03      -6.178300      -6.175200
    19   5.1520336151e-06   1.2532573310e-02   5.1495076924e-06   1.2305136786e-02      -6.074900      -6.062700
    20   8.6209643915e-06   4.4556588650e-02   8.6486420905e-06   4.3229343581e-02      -5.488100      -5.469600
    21   4.1574958628e-06   3.3513315128e-03   5.8148060763e-06   1.8184826579e-02      -5.248000      -5.241700
    22   4.1570009570e-06   3.3467627066e-03   4.1476707472e-06   3.4512291201e-03      -5.248000      -5.240500
    23   5.7799421080e-06   1.8329215706e-02   4.1475566314e-06   3.4502206027e-03      -5.246900      -5.240500
    24   3.8037655193e-06   8.5810613909e-05   3.7571574315e-06   0.0000000000e+00      -5.218400      -5.212800
    25   4.1106894421e-06   2.9192302023e-03   4.1100524309e-06   3.1187707292e-03      -5.215900      -5.211000
    26   4.1124846579e-06   2.9358030370e-03   4.1129300660e-06   3.1442023287e-03      -5.215900      -5.211000
    27   4.9622838622e-06   1.0780866692e-02   5.0129447499e-06   1.1098238109e-02      -5.100500      -5.092500
    28   1.0496582555e-05   6.1871671798e-02   1.0582576384e-05   6.0320823131e-02      -4.562000      -4.538400
    29   4.2682895710e-06   4.3741421828e-03   4.2605976622e-06   4.4492403070e-03      -4.248000      -4.241400
    30   4.2682056709e-06   4.3733676443e-03   4.2605110238e-06   4.4484746249e-03      -4.248000      -4.241400
    31   4.2747343733e-06   4.4336384539e-03   4.2607115980e-06   4.4502472342e-03      -4.233300      -4.226500
    32   4.2746566372e-06   4.4329208202e-03   4.2606516604e-06   4.4497175252e-03      -4.233300      -4.226500
    33   5.0457778923e-06   1.1551655813e-02   5.0687436723e-06   1.1591370758e-02      -4.119700      -4.113100
    34   7.3987469871e-06   3.3273484019e-02   7.6864594008e-06   3.4725887273e-02      -3.893000      -3.875300
    35   6.4816316921e-06   2.4806980601e-02   6.3792538529e-06   2.3173231648e-02      -3.401600      -3.390100
    36   6.4808419280e-06   2.4799689761e-02   6.3787341042e-06   2.3168638278e-02      -3.401600      -3.390100
    37   5.8905614106e-06   1.9350416322e-02   5.7197883110e-06   1.7345090607e-02      -3.364100      -3.353700
    38   5.8900936797e-06   1.9346098386e-02   5.7197028282e-06   1.7344335138e-02      -3.364100      -3.353700
    39   6.2300242469e-06   2.2484224339e-02   6.1749903049e-06   2.1368017134e-02      -3.319300      -3.312800
    40   6.2283566023e-06   2.2468829198e-02   6.1733447639e-06   2.1353474380e-02      -3.319300      -3.312800
    41   7.6246371445e-06   3.5358826833e-02   7.5920627901e-06   3.3891640862e-02      -3.295800      -3.290800
    42   6.9722858259e-06   2.9336536398e-02   6.3993456827e-06   2.3350796676e-02      -3.293100      -3.288100
    43   6.4678715899e-06   2.4679951913e-02   6.4009874109e-06   2.3365305734e-02      -3.292500      -3.288100
    44   6.4625313231e-06   2.4630652346e-02   6.9640865604e-06   2.8341792077e-02      -3.292500      -3.286000
    45   6.6195833874e-06   2.6080504777e-02   6.5907026283e-06   2.5041946853e-02      -3.287200      -3.282500
    46   6.7963720893e-06   2.7712559282e-02   6.7774805605e-06   2.6692629206e-02      -3.285600      -3.281800
    47   6.7950756743e-06   2.7700591210e-02   6.7753974599e-06   2.6674219443e-02      -3.285600      -3.281800
    48   5.9625685600e-06   2.0015162379e-02   6.0519962346e-06   2.0281035718e-02      -3.279200      -3.273500
    49   5.9605538590e-06   1.9996563329e-02   6.0513126855e-06   2.0274994735e-02      -3.279200      -3.273500
    50   6.9591773629e-06   2.9215523427e-02   7.0451198904e-06   2.9057938178e-02      -3.274300      -3.270300
    51   6.4217741951e-06   2.4254396094e-02   7.0800460480e-06   2.9366604150e-02      -3.268800      -3.262100
    52   6.4264257169e-06   2.4297337397e-02   7.0735487226e-06   2.9309182910e-02      -3.268800      -3.262100
    53   6.8385735695e-06   2.8102149313e-02   6.8070837815e-06   2.6954252803e-02      -3.267200      -3.261500
    54   6.8363684564e-06   2.8081792442e-02   6.8021423375e-06   2.6910581936e-02      -3.267200      -3.261500
    55   7.2284100854e-06   3.1700990388e-02   7.2399243145e-06   3.0779556043e-02      -3.263000      -3.259900
    56   8.2464770813e-06   4.1099446337e-02   8.2498898536e-06   3.9705301566e-02      -3.242900      -3.240000
    57   6.5451346594e-06   2.5393218878e-02   6.5098358360e-06   2.4327272559e-02      -2.972300      -2.963000
    58   6.3877491067e-06   2.3940287794e-02   6.4445958179e-06   2.3750702590e-02      -2.804800      -2.795300
    59   6.4537358451e-06   2.4549455418e-02   6.4780844513e-06   2.4046664193e-02      -2.622100      -2.611100
    60   6.4537245151e-06   2.4549350824e-02   6.4779974412e-06   2.4045895226e-02      -2.622100      -2.611100
    61   5.5048192666e-06   1.5789373126e-02   5.5138734218e-06   1.5525282080e-02      -2.541100      -2.533300
    62   5.5874786713e-06   1.6552457262e-02   5.5858954954e-06   1.6161789640e-02      -2.532700      -2.524900
    63   5.5888017776e-06   1.6564671739e-02   5.5870750603e-06   1.6172214248e-02      -2.532700      -2.524900
    64   4.8335392090e-06   9.5923388673e-03   4.8507085363e-06   9.6644474486e-03      -2.520500      -2.516200
    65   4.8311017957e-06   9.5698374788e-03   4.8491362511e-06   9.6505521058e-03      -2.520400      -2.516200
    66   7.7073925690e-06   3.6122797392e-02   7.7641777500e-06   3.5412736656e-02      -2.516000      -2.509200
    67   6.1924939985e-06   2.2137757566e-02   6.1637354842e-06   2.1268550706e-02      -2.513500      -2.508600
    68   6.1963333790e-06   2.2173201450e-02   6.1886699074e-06   2.1488912992e-02      -2.513500      -2.508600
    69   5.5719015317e-06   1.6408654289e-02   5.5704062016e-06   1.6024900321e-02      -2.496000      -2.491100
    70   5.6849660112e-06   1.7452427965e-02   5.6957653486e-06   1.7132783512e-02      -2.480600      -2.475500
    71   5.6861175323e-06   1.7463058424e-02   5.6968848960e-06   1.7142677706e-02      -2.480600      -2.475500
    72   7.7494613278e-06   3.6511162184e-02   7.7375010698e-06   3.5176976871e-02      -2.471300      -2.465100
    73   6.2292863361e-06   2.2477412191e-02   6.2556753669e-06   2.2081085356e-02      -2.468700      -2.464000
    74   6.2289204267e-06   2.2474034237e-02   6.2550245336e-06   2.2075333504e-02      -2.468700      -2.464000
    75   5.7557470460e-06   1.8105854940e-02   5.7535643875e-06   1.7643592538e-02      -2.465600      -2.461800
    76   6.3665001861e-06   2.3744124825e-02   6.4052663452e-06   2.3403121558e-02      -2.462600      -2.458800
    77   6.3673311526e-06   2.3751796031e-02   6.4058160088e-06   2.3407979305e-02      -2.462600      -2.458800
    78   6.5903843849e-06   2.5810949295e-02   6.5398988876e-06   2.4592959989e-02      -2.453700      -2.447300
    79   7.7199750809e-06   3.6238954957e-02   7.6717426344e-06   3.4595825299e-02      -2.438500      -2.432100
    80   7.7198793495e-06   3.6238071197e-02   7.6716937240e-06   3.4595393045e-02      -2.438500      -2.432100
    81   6.4233362762e-06   2.4268816707e-02   6.4342342109e-06   2.3659130092e-02      -1.868000      -1.845800
    82   8.2145454414e-06   4.0804664057e-02   8.2824140826e-06   3.9992740078e-02      -1.071300      -1.057400
    83   7.4842958590e-06   3.4063242756e-02   7.4688250446e-06   3.2802505924e-02      -0.891800      -0.885200
    84   7.4842337791e-06   3.4062669654e-02   7.4686946020e-06   3.2801353115e-02      -0.891800      -0.885100
    85   7.0673270368e-06   3.0213925251e-02   7.0111355541e-06   2.8757595714e-02      -0.864200      -0.856200
    86   7.0671965914e-06   3.0212721022e-02   7.0108892506e-06   2.8755418965e-02      -0.864100      -0.856200
    87   7.0247613836e-06   2.9820973296e-02   7.0169980949e-06   2.8809406935e-02      -0.855200      -0.849800
    88   6.8677647526e-06   2.8371632608e-02   6.8764119304e-06   2.7566952337e-02      -0.844900      -0.837400
    89   6.8674542104e-06   2.8368765786e-02   6.8762759945e-06   2.7565750979e-02      -0.844900      -0.837400
    90   7.5660420199e-06   3.4817896128e-02   7.5331427892e-06   3.3370925141e-02      -0.825200      -0.819500
    91   6.3792148017e-06   2.3861501927e-02   6.3073405562e-06   2.2537685423e-02      -0.813100      -0.806900
    92   6.3792194388e-06   2.3861544736e-02   6.3073597104e-06   2.2537854701e-02      -0.813100      -0.806900
    93   6.6288085293e-06   2.6165668218e-02   6.6230252018e-06   2.5327603200e-02      -0.543800      -0.530000
    94   7.4808234788e-06   3.4031186896e-02   7.4097834727e-06   3.2280715798e-02       0.275200       0.292200
    95   5.4390876127e-06   1.5182560356e-02   5.3678094574e-06   1.4234416475e-02       0.389800       0.398000
    96   5.4389732553e-06   1.5181504647e-02   5.3676370293e-06   1.4232892612e-02       0.389800       0.398000
    97   4.9341410870e-06   1.0521061951e-02   4.8970021430e-06   1.0073575222e-02       0.444100       0.451200
    98   4.9344055564e-06   1.0523503444e-02   4.8972330386e-06   1.0075615803e-02       0.444100       0.451200
    99   5.8545918066e-06   1.9018356899e-02   5.8763688873e-06   1.8728898592e-02       0.550700       0.555800
   100   7.4978625444e-06   3.4188485883e-02   7.4297009780e-06   3.2456740204e-02       0.711200       0.724400
   101   8.8733064703e-06   4.6886126805e-02   8.8622780529e-06   4.5117388431e-02       0.824000       0.834200
   102   8.8729298122e-06   4.6882649623e-02   8.8619071623e-06   4.5114110621e-02       0.824000       0.834200
   103   5.8783555774e-06   1.9237736129e-02   6.2604907584e-06   2.2123642213e-02       0.914900       0.923900
   104   5.8792593502e-06   1.9246079459e-02   6.2625634828e-06   2.2141960274e-02       0.914900       0.923900
   105   6.9538155512e-06   2.9166024964e-02   8.0153904407e-06   3.7632872356e-02       0.923300       0.930500
   106   6.9480940115e-06   2.9113205613e-02   7.6696794213e-06   3.4577591295e-02       0.923300       0.931400
   107   7.9912720086e-06   3.8743477974e-02   7.6821332603e-06   3.4687654256e-02       0.925700       0.931500
   108   7.0468369327e-06   3.0024767424e-02   7.0902566669e-06   2.9456842264e-02       0.955500       0.963400
   109   7.0451836538e-06   3.0009504903e-02   7.0879710263e-06   2.9436642519e-02       0.955500       0.963500
   110   7.5519484083e-06   3.4687788593e-02   7.5439239645e-06   3.3466205647e-02       0.966500       0.972500
   111   6.8032598999e-06   2.7776145258e-02   6.8174460505e-06   2.7045831152e-02       0.994500       1.001700
   112   7.2551159190e-06   3.1947529762e-02   7.2798183568e-06   3.1132126557e-02       1.004000       1.010000
   113   7.2560936537e-06   3.1956555884e-02   7.2810218745e-06   3.1142762854e-02       1.004000       1.010000
   114   6.3591788341e-06   2.3676536537e-02   7.3031212231e-06   3.1338069678e-02       1.012500       1.018200
   115   6.9843483180e-06   2.9447893313e-02   7.2885183806e-06   3.1209014526e-02       1.013200       1.018200
   116   6.9743940546e-06   2.9355998864e-02   7.0172648999e-06   2.8811764870e-02       1.013200       1.020400
   117   7.1195026871e-06   3.0695593504e-02   7.0234691335e-06   2.8866595860e-02       1.015900       1.020400
   118   7.1226896173e-06   3.0725014184e-02   7.9876596485e-06   3.7387796673e-02       1.015900       1.020600
   119   7.5015665139e-06   3.4222679698e-02   6.0305038110e-06   2.0091092698e-02       1.016200       1.021600
   120   7.5749074631e-06   3.4899738952e-02   7.4739406994e-06   3.2847716410e-02       1.035700       1.040200
   121   7.2006789753e-06   3.1444986001e-02   7.1722823977e-06   3.0181758878e-02       1.035900       1.040700
   122   7.1933938673e-06   3.1377732307e-02   7.1861468573e-06   3.0304288443e-02       1.036000       1.040700
   123   7.5824929620e-06   3.4969765755e-02   7.5289207061e-06   3.3333611750e-02       1.042000       1.045100
   124   5.4537363129e-06   1.5317792285e-02   5.4299074200e-06   1.4783217984e-02       1.157800       1.166400
   125   5.7472293309e-06   1.8027222226e-02   5.7484696105e-06   1.7598566563e-02       1.170300       1.176100
   126   5.7468700981e-06   1.8023905909e-02   5.7482767033e-06   1.7596861712e-02       1.170300       1.176100
   127   6.1481384222e-06   2.1728281636e-02   5.2712904712e-06   1.3381413203e-02       1.181500       1.184000
   128   5.2757029510e-06   1.3674247493e-02   5.2921662158e-06   1.3565906215e-02       1.181600       1.188100
   129   5.3046406649e-06   1.3941390845e-02   5.2918549476e-06   1.3563155329e-02       1.184400       1.188200
   130   5.3078492831e-06   1.3971011741e-02   6.1689052946e-06   2.1314239801e-02       1.184400       1.189100
   131   5.1639057298e-06   1.2642172724e-02   5.0543090502e-06   1.1463802283e-02       1.202100       1.207600
   132   5.1643069036e-06   1.2645876227e-02   5.0543143236e-06   1.1463848888e-02       1.202100       1.207600
   133   5.0537278436e-06   1.1625047119e-02   5.0676046638e-06   1.1581304573e-02       1.209100       1.213700
   134   5.0530387870e-06   1.1618685978e-02   5.0667857325e-06   1.1574067126e-02       1.209100       1.213700
   135   5.3897915618e-06   1.4727475608e-02   5.3614375207e-06   1.4178103380e-02       1.216000       1.224000
   136   5.0072290125e-06   1.1195785373e-02   4.8858483673e-06   9.9750017961e-03       1.238200       1.241300
   137   5.0025264337e-06   1.1152372729e-02   5.3480988735e-06   1.4060220773e-02       1.238200       1.242000
   138   5.2901475025e-06   1.3807594789e-02   5.3532929580e-06   1.4106124395e-02       1.238700       1.242000
   139   4.8906941027e-06   1.0119973840e-02   5.2406924961e-06   1.3110998294e-02       1.238800       1.243700
   140   5.1184393262e-06   1.2222442007e-02   5.4468579390e-06   1.4933021133e-02       1.243500       1.249100
   141   5.1263204015e-06   1.2295197472e-02   5.4524788281e-06   1.4982696716e-02       1.243500       1.249100
   142   5.0611429932e-06   1.1693501314e-02   5.3638661819e-06   1.4199567094e-02       1.249000       1.253400
   143   5.0625533445e-06   1.1706521209e-02   5.3658571445e-06   1.4217162572e-02       1.249100       1.253400
   144   5.8129666250e-06   1.8634087065e-02   5.8880315979e-06   1.8831969819e-02       1.291900       1.310900
   145   6.1230639836e-06   2.1496802757e-02   6.1159888877e-06   2.0846581883e-02       1.433500       1.446100
   146   6.1229058789e-06   2.1495343187e-02   6.1158122534e-06   2.0845020846e-02       1.433500       1.446100
   147   6.7934846541e-06   2.7685903440e-02   6.8276617299e-06   2.7136113989e-02       1.991700       2.000900
   148   6.9271691480e-06   2.8920034231e-02   6.9319290751e-06   2.8057594726e-02       2.198500       2.206000
   149   6.9271504897e-06   2.8919861984e-02   6.9318537815e-06   2.8056929306e-02       2.198500       2.206000
   150   6.0640124524e-06   2.0951658659e-02   5.9342502515e-06   1.9240435182e-02       2.211600       2.222700
   151   7.4771073404e-06   3.3996880743e-02   7.4760049699e-06   3.2865959758e-02       2.229900       2.233200
   152   6.7803527486e-06   2.7564674056e-02   5.9898415207e-06   1.9731732659e-02       2.271200       2.278100
   153   6.0050168686e-06   2.0407031048e-02   5.9853031391e-06   1.9691623925e-02       2.273700       2.278100
   154   6.0064503662e-06   2.0420264621e-02   6.7203937855e-06   2.6188114937e-02       2.273700       2.278700
   155   6.4155890539e-06   2.4197296928e-02   6.3450952515e-06   2.2871349086e-02       2.282300       2.288800
   156   6.4160927524e-06   2.4201946904e-02   6.3457909949e-06   2.2877497840e-02       2.282300       2.288800
   157   6.7295494589e-06   2.7095674979e-02   6.6978773106e-06   2.5989121686e-02       2.339500       2.349500
   158   6.7295875362e-06   2.7096026497e-02   6.6979314830e-06   2.5989600444e-02       2.339500       2.349500
   159   7.3982207453e-06   3.3268625930e-02   7.3655691852e-06   3.1889964368e-02       3.271600       3.301600
   160   9.9177208516e-06   5.6527813056e-02   9.4965229818e-06   5.0722637933e-02       3.691400       3.702600
   161   9.9174651227e-06   5.6525452252e-02   9.4963044134e-06   5.0720706297e-02       3.691400       3.702700
   162   5.3859231093e-06   1.4691763340e-02   5.3381261221e-06   1.3972084854e-02       3.718200       3.727700
   163   5.4113227398e-06   1.4926244283e-02   5.3601047634e-06   1.4166324906e-02       3.766300       3.778600
   164   5.0999290651e-06   1.2051561431e-02   5.0665116979e-06   1.1571645297e-02       3.808600       3.814900
   165   5.0999386116e-06   1.2051649561e-02   5.0664944633e-06   1.1571492983e-02       3.808600       3.815000
   166   4.4754928596e-06   6.2869740379e-03   5.9799174876e-06   1.9644027297e-02       3.835300       3.841300
   167   5.9787406894e-06   2.0164458100e-02   5.9849614290e-06   1.9688604003e-02       3.836000       3.841300
   168   5.9592059865e-06   1.9984120219e-02   4.6653463084e-06   8.0262766282e-03       3.836100       3.843300
   169   6.1861496234e-06   2.2079188405e-02   6.1898822501e-06   2.1499627282e-02       3.843000       3.846800
   170   5.4858911701e-06   1.5614635233e-02   5.3536205858e-06   1.4109019863e-02       3.847700       3.853300
   171   5.7867280350e-06   1.8391861128e-02   5.6079005079e-06   1.6356262752e-02       3.852300       3.855900
   172   5.7852343012e-06   1.8378071474e-02   5.6053322199e-06   1.6333565061e-02       3.852300       3.855900
   173   6.4130019067e-06   2.4173413245e-02   6.5548643376e-06   2.4725219747e-02       3.856300       3.859700
   174   6.4275381421e-06   2.4307606936e-02   6.5717708624e-06   2.4874634091e-02       3.856300       3.859700
   175   7.1280608101e-06   3.0774599249e-02   7.1951286495e-06   3.0383666589e-02       3.857300       3.860600
   176   7.7488735148e-06   3.6505735689e-02   7.7598160164e-06   3.5374189079e-02       3.991400       3.999800
   177   7.7483286875e-06   3.6500706025e-02   7.7595193370e-06   3.5371567123e-02       3.991500       3.999800
   178   8.3262318388e-06   4.1835715737e-02   8.3831527857e-06   4.0883035829e-02       4.001500       4.014100
   179   6.4054236770e-06   2.4103453548e-02   6.3741241746e-06   2.3127897226e-02       4.016900       4.023900
   180   8.5234349604e-06   4.3656229375e-02   8.5457819283e-06   4.2320299068e-02       4.341800       4.352800
   181   8.5235345405e-06   4.3657148666e-02   8.5458317615e-06   4.2320739477e-02       4.341800       4.352800
   182   6.0755461066e-06   2.1058133518e-02   6.1205171177e-06   2.0886600900e-02       4.381000       4.393600
   183   6.7261671454e-06   2.7064450586e-02   6.8220779210e-06   2.7086766110e-02       4.438300       4.449600
   184   7.5366906650e-06   3.4546934180e-02   7.5072370797e-06   3.3141978942e-02       4.442100       4.452100
   185   7.5393316970e-06   3.4571315310e-02   7.5120361186e-06   3.3184391281e-02       4.442100       4.453200
   186   7.5332478024e-06   3.4515150818e-02   7.5143868186e-06   3.3205165999e-02       4.448200       4.453200
   187   6.8835164451e-06   2.8517046995e-02   7.0040275985e-06   2.8694777925e-02       4.474200       4.479200
   188   6.8845555467e-06   2.8526639635e-02   7.0050735707e-06   2.8704021885e-02       4.474200       4.479200
   189   7.4729570421e-06   3.3958566569e-02   7.0539100740e-06   2.9135622949e-02       4.495800       4.502600
   190   7.4743043430e-06   3.3971004402e-02   7.0545129474e-06   2.9140950947e-02       4.495800       4.502600
   191   7.1348628227e-06   3.0837393168e-02   7.0387360064e-06   2.9001519496e-02       4.507200       4.511100
   192   7.7163151215e-06   3.6205167429e-02   7.7947675822e-06   3.5683079600e-02       4.507700       4.512600
   193   7.7227938483e-06   3.6264976881e-02   7.7969832216e-06   3.5702660698e-02       4.507800       4.512600
   194   7.6439294793e-06   3.5536927252e-02   7.7354332216e-06   3.5158701903e-02       4.513600       4.518700
   195   7.6435659075e-06   3.5533570878e-02   7.7349262822e-06   3.5154221739e-02       4.513600       4.518700
   196   7.0563040791e-06   3.0112164971e-02   7.1111474661e-06   2.9641468323e-02       4.522400       4.528500
   197   7.0543193666e-06   3.0093842765e-02   7.1017743526e-06   2.9558631808e-02       4.522400       4.528500
   198   8.8121216607e-06   4.6321288991e-02   8.5827274228e-06   4.2646811279e-02       4.524200       4.529300
   199   8.3406209225e-06   4.1968550972e-02   8.3826887722e-06   4.0878935029e-02       4.537800       4.541700
   200   8.7263927309e-06   4.5529868020e-02   8.7565297055e-06   4.4182819080e-02       4.549800       4.559500
   201   8.2694172041e-06   4.1311221923e-02   8.3101288600e-06   4.0237674227e-02       4.674500       4.684700
   202   8.2695263441e-06   4.1312229467e-02   8.3101928617e-06   4.0238239853e-02       4.674500       4.684700
   203   9.6069380748e-06   5.3658769811e-02   9.4006635097e-06   4.9875463231e-02       5.171600       5.184600
   204   9.6074263473e-06   5.3663277380e-02   9.4011809551e-06   4.9880036244e-02       5.171600       5.184600
   205   5.9325182759e-06   1.9737748149e-02   5.9073347812e-06   1.9002565047e-02       5.302800       5.308100
   206   5.8581979650e-06   1.9051647754e-02   5.7925953872e-06   1.7988535763e-02       5.305900       5.322500
   207   5.9614376023e-06   2.0004721754e-02   5.9240438240e-06   1.9150234109e-02       5.353100       5.360700
   208   5.9611171393e-06   2.0001763346e-02   5.9237094869e-06   1.9147279348e-02       5.353100       5.360800
   209   5.8783479247e-06   1.9237665482e-02   5.8757051473e-06   1.8723032675e-02       5.357700       5.363000
   210   5.6134128195e-06   1.6791872694e-02   5.5729669209e-06   1.6047531122e-02       5.375600       5.386100
   211   5.6132476880e-06   1.6790348255e-02   5.5725962955e-06   1.6044255655e-02       5.375600       5.386100
   212   5.7347681559e-06   1.7912184803e-02   5.7160005542e-06   1.7311615649e-02       5.386600       5.391500
   213   5.1865777257e-06   1.2851473051e-02   5.2160736904e-06   1.2893425332e-02       5.421200       5.425500
   214   5.1867999530e-06   1.2853524580e-02   5.2161407297e-06   1.2894017803e-02       5.421200       5.425500
   215   5.0306826067e-06   1.1412301155e-02   5.0214743296e-06   1.1173619748e-02       5.429600       5.434900
   216   5.0445688126e-06   1.1540493991e-02   5.3039544540e-06   1.3670086814e-02       5.433700       5.437500
   217   5.0471391400e-06   1.1564222399e-02   4.9188986802e-06   1.0267089666e-02       5.433700       5.438100
   218   5.3046793704e-06   1.3941748160e-02   4.9193105030e-06   1.0270729221e-02       5.434600       5.438100
   219   5.0357867328e-06   1.1459420750e-02   5.2416027218e-06   1.3119042572e-02       5.438700       5.443500
   220   5.0349096698e-06   1.1451323996e-02   5.2413093304e-06   1.3116449674e-02       5.438700       5.443500
   221   5.6993357089e-06   1.7585084235e-02   5.6960804730e-06   1.7135568479e-02       5.452000       5.456100
   222   5.6986413529e-06   1.7578674172e-02   5.6955202195e-06   1.7130617141e-02       5.452000       5.456100
   223   5.7215054024e-06   1.7789747473e-02   5.7259650657e-06   1.7399678747e-02       5.457900       5.463000
   224   5.1238194743e-06   1.2272109744e-02   4.9844004764e-06   1.0845973144e-02       5.542700       5.557700
   225   4.9033333250e-06   1.0236654937e-02   4.9116202438e-06   1.0202765222e-02       5.552700       5.559600
   226   4.9035691097e-06   1.0238831623e-02   4.9128454708e-06   1.0213593379e-02       5.552700       5.559700
   227   1.2415626320e-05   7.9587645662e-02   1.2933156779e-05   8.1094484834e-02       5.610600       5.625600
   228   5.7346919006e-06   1.7911480840e-02   5.7310548775e-06   1.7444660842e-02       5.779000       5.786800
   229   5.7343000966e-06   1.7907863835e-02   5.7306708160e-06   1.7441266632e-02       5.779000       5.786800
   230   8.3444828365e-06   4.2004202878e-02   8.4050809617e-06   4.1076829886e-02       5.808700       5.820600
   231   5.4358356818e-06   1.5152539611e-02   5.4354137780e-06   1.4831881377e-02       5.849300       5.856600
   232   5.4359347241e-06   1.5153453937e-02   5.4354940692e-06   1.4832590964e-02       5.849300       5.856600
   233   5.5098329449e-06   1.5835657737e-02   5.4857407689e-06   1.5276654883e-02       5.876700       5.882300
   234   5.5099261266e-06   1.5836517960e-02   5.4858832162e-06   1.5277913786e-02       5.876700       5.882300
   235   7.0826308081e-06   3.0355204579e-02   5.6064536429e-06   1.6343475832e-02       5.889500       5.895900
   236   5.5988711951e-06   1.6657629253e-02   5.6067524204e-06   1.6346116330e-02       5.890700       5.896000
   237   5.5989317439e-06   1.6658188220e-02   7.0007165602e-06   2.8665516050e-02       5.890700       5.896300
   238   5.3893263469e-06   1.4723180898e-02   5.4601282233e-06   1.5050299572e-02       5.897100       5.900900
   239   5.8395889237e-06   1.8879855274e-02   5.7958723892e-06   1.8017496837e-02       5.900500       5.904100
   240   5.3889218453e-06   1.4719446674e-02   5.6098092299e-06   1.6373131413e-02       5.904700       5.910700
   241   5.3895038994e-06   1.4724820004e-02   5.3797678849e-06   1.4340101151e-02       5.904700       5.911200
   242   5.5859097446e-06   1.6537973453e-02   5.3822801059e-06   1.4362303340e-02       5.906800       5.911200
   243   5.4796868854e-06   1.5557359340e-02   5.4738765505e-06   1.5171802796e-02       5.919200       5.924200
   244   5.4787221274e-06   1.5548453016e-02   5.4728366671e-06   1.5162612647e-02       5.919200       5.924200
   245   5.8023815375e-06   1.8536369057e-02   5.8858528674e-06   1.8812714911e-02       5.921900       5.927900
   246   5.8013204065e-06   1.8526573048e-02   5.8844805390e-06   1.8800586720e-02       5.921900       5.927900
   247   6.7989323711e-06   2.7736194952e-02   6.8077549588e-06   2.6960184449e-02       5.927200       5.934800
   248   6.1088254112e-06   2.1365356992e-02   5.4893507876e-06   1.5308559049e-02       5.931500       5.940300
   249   5.4756789387e-06   1.5520359310e-02   6.0581032554e-06   2.0335007573e-02       5.936300       5.941500
   250   6.3201475847e-06   2.3316213023e-02   6.3256851528e-06   2.2699808975e-02       5.953700       5.959900
   251   6.3195269216e-06   2.3310483267e-02   6.3251230900e-06   2.2694841647e-02       5.953700       5.959900
   252   5.7816098965e-06   1.8344612175e-02   5.7789002399e-06   1.7867502525e-02       6.001300       6.007300
   253   5.7813955073e-06   1.8342633005e-02   5.7786681335e-06   1.7865451244e-02       6.001300       6.007300
   254   7.3120742059e-06   3.2473349726e-02   7.2318338112e-06   3.0708054819e-02       6.255600       6.279500
   255   6.8921020989e-06   2.8596306896e-02   6.9006830477e-06   2.7781452543e-02       6.311100       6.324700
   256   6.8919272396e-06   2.8594692653e-02   6.9004640528e-06   2.7779517137e-02       6.311100       6.324700
   257   5.8973939344e-06   1.9413491910e-02   5.8720151313e-06   1.8690421519e-02       6.846300       6.854000
   258   5.8975820724e-06   1.9415228737e-02   5.8722364040e-06   1.8692377055e-02       6.846300       6.854000
   259   4.9936326769e-06   1.1070268524e-02   4.9939711299e-06   1.0930555453e-02       6.902700       6.905700
   260   5.3799341371e-06   1.4636475141e-02   5.3446032412e-06   1.4029327516e-02       6.919300       6.934300
   261   5.4060440730e-06   1.4877513387e-02   5.3668069286e-06   1.4225556453e-02       6.926600       6.935100
   262   5.4046666596e-06   1.4864797564e-02   5.3535854505e-06   1.4108709348e-02       6.926600       6.935100
   263   5.6016498272e-06   1.6683280661e-02   5.4489790178e-06   1.4951766535e-02       6.985900       7.012600
   264   8.0087362866e-06   3.8904702381e-02   7.9567571848e-06   3.7114690793e-02       7.355200       7.366900
   265   8.0084283436e-06   3.8901859554e-02   7.9564813267e-06   3.7112252850e-02       7.355200       7.366900
   266   6.6904504167e-06   2.6734725624e-02   6.6072270573e-06   2.5187984359e-02       7.402700       7.420600
   267   5.9162288202e-06   1.9587369311e-02   5.8762301690e-06   1.8727672645e-02       7.479900       7.484800
   268   5.9157790335e-06   1.9583217030e-02   5.8765509967e-06   1.8730508016e-02       7.479900       7.484800
   269   5.8615360959e-06   1.9082464268e-02   6.0196530176e-06   1.9995196931e-02       7.486400       7.493900
   270   5.8633244112e-06   1.9098973401e-02   6.0202512938e-06   2.0000484300e-02       7.486400       7.493900
   271   6.4465451054e-06   2.4483072901e-02   6.4487605842e-06   2.3787509434e-02       7.495700       7.498000
   272   5.8216319464e-06   1.8714082430e-02   5.8095712234e-06   1.8138562659e-02       7.506600       7.517000
   273   5.8707327112e-06   1.9167364363e-02   5.8793815661e-06   1.8755523663e-02       7.556600       7.562600
   274   5.8707944579e-06   1.9167934388e-02   5.8794277825e-06   1.8755932109e-02       7.556600       7.562600
   275   7.9926139243e-06   3.8755866094e-02   8.1112631710e-06   3.8480164229e-02       7.684000       7.694900
   276   7.9928034238e-06   3.8757615490e-02   8.1114176139e-06   3.8481529145e-02       7.684000       7.694900
   277   8.1975656164e-06   4.0647911959e-02   8.4929251729e-06   4.1853168329e-02       7.791300       7.811300
   278   7.3508578878e-06   3.2831387780e-02   7.2986276001e-06   3.1298356505e-02       7.820200       7.824200
   279   5.7976769100e-06   1.8492937500e-02   5.8046311755e-06   1.8094904129e-02       7.841500       7.850400
   280   5.7982446892e-06   1.8498179049e-02   5.8049244510e-06   1.8097496002e-02       7.841500       7.850500
   281   5.8085506805e-06   1.8593320534e-02   5.7918178970e-06   1.7981664559e-02       7.847100       7.859700
   282   5.8051764664e-06   1.8562170911e-02   5.7953550080e-06   1.8012924391e-02       7.883500       7.890400
   283   5.8049518152e-06   1.8560097007e-02   5.7951713517e-06   1.8011301296e-02       7.883600       7.890400
   284   5.8067201690e-06   1.8576421860e-02   5.8100741808e-06   1.8143007631e-02       7.904500       7.906700
   285   7.6657288880e-06   3.5738172144e-02   7.6340819023e-06   3.4262992051e-02       7.919800       7.929200
   286   6.3868872962e-06   2.3932331845e-02   6.3940803989e-06   2.3304263818e-02       7.924500       7.930000
   287   6.3883476067e-06   2.3945812946e-02   6.4028212027e-06   2.3381512187e-02       7.924500       7.930000
   288   8.8239295658e-06   4.6430295643e-02   8.9164704100e-06   4.5596322781e-02       7.960800       7.967900
   289   8.8237054924e-06   4.6428227073e-02   8.9164215543e-06   4.5595891010e-02       7.960800       7.967900
   290   1.1089620237e-05   6.7346398466e-02   1.1437986248e-05   6.7880656091e-02       8.025100       8.035200
   291   1.1089618082e-05   6.7346378573e-02   1.1436931592e-05   6.7871335378e-02       8.025100       8.035300
   292   8.3986058265e-06   4.2503848323e-02   8.4455260021e-06   4.1434269941e-02       8.056100       8.061100
   293   1.0946619819e-05   6.6026266164e-02   1.1043788949e-05   6.4396869129e-02       8.117200       8.124200
   294   8.4981560605e-06   4.3422862978e-02   8.5459355566e-06   4.2321656784e-02       8.174300       8.185000
   295   8.4942042297e-06   4.3386380990e-02   8.5401651218e-06   4.2270659567e-02       8.174300       8.185000
   296   9.9221445421e-06   5.6568651096e-02   1.0107128716e-05   5.6118971952e-02       8.181900       8.190500
   297   8.0679258563e-06   3.9451120806e-02   8.4458212329e-06   4.1436879094e-02       8.195900       8.201900
   298   8.0622441782e-06   3.9398669443e-02   8.4451382549e-06   4.1430843158e-02       8.195900       8.201900
   299   8.7537846590e-06   4.5782741191e-02   8.5045611404e-06   4.1956003209e-02       8.201400       8.210400
   300   8.7481786847e-06   4.5730988700e-02   8.4984961756e-06   4.1902403031e-02       8.201400       8.210400
   301   6.9849074101e-06   2.9453054666e-02   6.9783672224e-06   2.8467999903e-02       8.225000       8.230100
   302   8.3663259377e-06   4.2205851124e-02   8.1903621596e-06   3.9179215252e-02       8.233000       8.237400
   303   6.6805985816e-06   2.6643776759e-02   6.7958219377e-06   2.6854724306e-02       8.249300       8.256600
   304   6.6728447480e-06   2.6572195946e-02   6.7878317625e-06   2.6784109748e-02       8.249300       8.256600
   305   7.5097140995e-06   3.4297895499e-02   7.5435882730e-06   3.3463238915e-02       8.251200       8.257700
   306   7.0365496020e-06   2.9929798208e-02   7.0937566722e-06   2.9487774167e-02       8.261400       8.266600
   307   7.0360614953e-06   2.9925292170e-02   7.0935334243e-06   2.9485801176e-02       8.261400       8.266600
   308   9.5400968013e-06   5.3041713401e-02   9.2103973171e-06   4.8193952772e-02       8.272500       8.277800
   309   9.5388155881e-06   5.3029885667e-02   9.2085684608e-06   4.8177789938e-02       8.272500       8.277800
   310   8.3373740831e-06   4.1938577231e-02   8.3693784331e-06   4.0761302600e-02       8.283600       8.292700
   311   8.5834902483e-06   4.4210639822e-02   8.4229551507e-06   4.1234796129e-02       8.292300       8.297100
   312   8.5856702107e-06   4.4230764510e-02   8.4257965510e-06   4.1259907497e-02       8.292400       8.297200
   313   7.6922319435e-06   3.5982839539e-02   7.6695202149e-06   3.4576184281e-02       8.300300       8.304000
   314   6.2415566287e-06   2.2590687452e-02   6.1612580432e-06   2.1246655891e-02       8.304100       8.314900
   315   9.0373191217e-06   4.8400237061e-02   9.1649189382e-06   4.7792029716e-02       8.322500       8.328800
   316   6.0986205323e-06   2.1271148943e-02   6.0615410281e-06   2.0365389485e-02       8.351400       8.358900
   317   6.0989524408e-06   2.1274213013e-02   6.0621664125e-06   2.0370916428e-02       8.351400       8.358900
   318   5.1645099559e-06   1.2647750740e-02   6.0361398614e-06   2.0140902271e-02       8.359500       8.366300
   319   6.1959648865e-06   2.2169799650e-02   6.0363979593e-06   2.0143183256e-02       8.361100       8.366300
   320   6.1962630994e-06   2.2172552652e-02   5.7573352897e-06   1.7676918539e-02       8.361100       8.368700
   321   5.9821930094e-06   2.0196328770e-02   6.8945629181e-06   2.7727364836e-02       8.368100       8.377700
   322   6.2827129980e-06   2.2970629367e-02   6.2719195126e-06   2.2224645810e-02       8.383800       8.388000
   323   6.2810111700e-06   2.2954918657e-02   6.2696708731e-06   2.2204773068e-02       8.383800       8.388000
   324   7.9356010909e-06   3.8229542575e-02   6.6133983419e-06   2.5242524157e-02       8.390500       8.394300
   325   7.9396388978e-06   3.8266818266e-02   6.6031695558e-06   2.5152125486e-02       8.390500       8.396000
   326   6.3114051284e-06   2.3235505573e-02   6.6043452081e-06   2.5162515518e-02       8.391300       8.396000
   327   6.5780633362e-06   2.5697205471e-02   8.4608326165e-06   4.1569544799e-02       8.397100       8.401400
   328   6.5810011876e-06   2.5724326738e-02   6.3134292342e-06   2.2591495170e-02       8.397100       8.403500
   329   8.0365048037e-06   3.9161052097e-02   6.3197171121e-06   2.2647065381e-02       8.399100       8.403500
   330   6.7304255962e-06   2.7103763188e-02   6.6361258664e-06   2.5443382594e-02       8.404500       8.408600
   331   7.4079552144e-06   3.3358491311e-02   7.2716506473e-06   3.1059943009e-02       8.405600       8.408800
   332   7.4106224856e-06   3.3383114672e-02   7.2789697412e-06   3.1124626770e-02       8.405600       8.408800
   333   6.7915732515e-06   2.7668258007e-02   6.8968862667e-06   2.7747897833e-02       8.409900       8.417700
   334   6.7937700791e-06   2.7688538388e-02   6.9009140349e-06   2.7783493932e-02       8.409900       8.417700
   335   6.5608721956e-06   2.5538502578e-02   7.1630340437e-06   3.0100024947e-02       8.414600       8.423000
   336   7.1808409878e-06   3.1261848298e-02   7.2966080491e-06   3.1280508374e-02       8.417500       8.424900
   337   7.1626392718e-06   3.1093816109e-02   7.2925744236e-06   3.1244860509e-02       8.417500       8.424900
   338   9.2499050736e-06   5.0362759874e-02   8.8178381063e-06   4.4724642700e-02       8.418600       8.426700
   339   7.5307076703e-06   3.4491701164e-02   7.2229953665e-06   3.0629943531e-02       8.429100       8.434400
   340   7.5292586444e-06   3.4478324238e-02   7.2211731801e-06   3.0613839643e-02       8.429100       8.434400
   341   7.6489214062e-06   3.5583011062e-02   7.6284945370e-06   3.4213612741e-02       8.436400       8.442800
   342   8.3838650758e-06   4.2367766614e-02   8.2827175018e-06   3.9995421597e-02       8.468200       8.476700
   343   8.3827680043e-06   4.2357638816e-02   8.2807172562e-06   3.9977744080e-02       8.468200       8.476700
   344   7.7156102006e-06   3.6198659834e-02   7.0615198318e-06   2.9202875502e-02       8.513900       8.517700
   345   7.7021275993e-06   3.6074192942e-02   7.9231885371e-06   3.6818022051e-02       8.513900       8.518500
   346   7.1823743727e-06   3.1276003997e-02   7.9396790732e-06   3.6963760022e-02       8.515300       8.518500
   347   7.8636150152e-06   3.7564991064e-02   7.8331848307e-06   3.6022598693e-02       8.520000       8.523900
   348   7.8588337887e-06   3.7520852371e-02   7.8308869706e-06   3.6002290956e-02       8.520100       8.523900
   349   7.0113198193e-06   2.9696885245e-02   6.9102350112e-06   2.7865869676e-02       8.528400       8.536700
   350   7.0173460735e-06   2.9752517619e-02   6.9120644693e-06   2.7882037829e-02       8.528400       8.536700
   351   8.6368514807e-06   4.4703252975e-02   8.6694272648e-06   4.3413036162e-02       8.528700       8.538500
   352   8.4701287314e-06   4.3164123996e-02   8.0903289697e-06   3.8295154596e-02       8.537100       8.543000
   353   7.7464787879e-06   3.6483628367e-02   7.5773007158e-06   3.3761178472e-02       8.543200       8.550700
   354   7.7444895385e-06   3.6465264278e-02   7.5756798622e-06   3.3746853898e-02       8.543300       8.550700
   355   8.0511750587e-06   3.9296483012e-02   8.1774061713e-06   3.9064714459e-02       8.557900       8.561500
   356   9.3248180583e-06   5.1054331637e-02   9.2714884764e-06   4.8733856483e-02       8.968800       8.991200
   357   9.0759738500e-06   4.8757084658e-02   9.0727235666e-06   4.6977237138e-02       8.997600       9.005400
   358   9.0763314793e-06   4.8760386173e-02   9.0732963765e-06   4.6982299444e-02       8.997600       9.005400
   359   7.2258235775e-06   3.1677112607e-02   7.3180400284e-06   3.1469917206e-02       9.121100       9.126700
   360   7.2254371083e-06   3.1673544852e-02   7.3176163768e-06   3.1466173112e-02       9.121200       9.126800
   361   6.9761725145e-06   2.9372417015e-02   7.0008038664e-06   2.8666287633e-02       9.160100       9.169000
   362   6.9757469629e-06   2.9368488464e-02   7.0003087174e-06   2.8661911669e-02       9.160100       9.169000
   363   6.9630663463e-06   2.9251425229e-02   6.8454413796e-06   2.7293244725e-02       9.177100       9.179700
   364   7.4073553473e-06   3.3352953538e-02   7.3626461601e-06   3.1864131627e-02       9.204300       9.209600
   365   6.8397599769e-06   2.8113101832e-02   6.8449126912e-06   2.7288572350e-02       9.207400       9.216500
   366   6.8380526934e-06   2.8097340757e-02   6.8440822522e-06   2.7281233202e-02       9.207400       9.216500
   367   7.8887061144e-06   3.7796623747e-02   8.0888014297e-06   3.8281654697e-02       9.225800       9.228600
   368   7.5316881044e-06   3.4500752205e-02   6.9518286962e-06   2.8233461077e-02       9.227500       9.233000
   369   7.0017009199e-06   2.9608086764e-02   6.9533506445e-06   2.8246911559e-02       9.229700       9.233100
   370   7.0044415933e-06   2.9633387750e-02   7.6296523865e-06   3.4223845437e-02       9.229700       9.240400
   371   7.1976792272e-06   3.1417293324e-02   7.3701918562e-06   3.1930818025e-02       9.248100       9.252700
   372   7.1972009035e-06   3.1412877600e-02   7.4716331645e-06   3.2827323171e-02       9.248100       9.254000
   373   7.6060153458e-06   3.5186916580e-02   7.4691299718e-06   3.2805200771e-02       9.249600       9.254000
   374   7.3452534532e-06   3.2779649503e-02   7.3932728266e-06   3.2134800101e-02       9.257500       9.265800
   375   7.3452853301e-06   3.2779943780e-02   7.3932926397e-06   3.2134975203e-02       9.257500       9.265800
   376   7.6914480926e-06   3.5975603288e-02   7.8270060552e-06   3.5967992694e-02       9.268800       9.274900
   377   7.2837347833e-06   3.2211729601e-02   7.3303513555e-06   3.1578720694e-02       9.273400       9.280700
   378   7.2824757506e-06   3.2200106630e-02   7.3293079140e-06   3.1569499098e-02       9.273400       9.280700
   379   7.0240014361e-06   2.9813957714e-02   6.9548037444e-06   2.8259753581e-02       9.291200       9.295400
   380   2.4209738209e-05   1.8846696452e-01   1.6905101024e-05   1.1619723061e-01       9.773400       9.861700
   381   9.2157187551e-06   5.0047163151e-02   9.1810860522e-06   4.7934909388e-02       9.956600       9.975000
   382   9.2155237530e-06   5.0045362955e-02   9.1813570291e-06   4.7937304193e-02       9.956600       9.975000
   383   1.3179989463e-05   8.6643992011e-02   1.2786990771e-05   7.9802717404e-02      10.206800      10.291200
   384   8.0572153315e-06   3.9352244802e-02   7.9640083228e-06   3.7178773983e-02      10.520600      10.528200
   385   8.0563066575e-06   3.9343856226e-02   7.9634997491e-06   3.7174279374e-02      10.520600      10.528200
   386   6.9078576061e-06   2.8741756499e-02   6.7499362357e-06   2.6449201461e-02      10.544900      10.565800
   387   6.6093344270e-06   2.5985889782e-02   6.6082740118e-06   2.5197237001e-02      10.570400      10.572100
   388   6.5284480965e-06   2.5239174078e-02   6.4761211761e-06   2.4029313408e-02      10.576300      10.585400
   389   6.5298600725e-06   2.5252208970e-02   6.4768251250e-06   2.4035534678e-02      10.576300      10.585400
   390   6.5418605653e-06   2.5362993530e-02   6.5429721391e-06   2.4620120381e-02      10.639800      10.646100
   391   6.5403862920e-06   2.5349383529e-02   6.5384820834e-06   2.4580438735e-02      10.639800      10.646100
   392   6.5281316483e-06   2.5236252733e-02   6.5263994288e-06   2.4473656181e-02      10.645900      10.647200
   393   7.8516895579e-06   3.7454899208e-02   7.8283615091e-06   3.5979971752e-02      10.712400      10.716600
   394   7.9232772300e-06   3.8115772790e-02   7.8367468908e-06   3.6054079017e-02      10.712400      10.716600
   395   6.8482677491e-06   2.8191642755e-02   6.8596401396e-06   2.7418728728e-02      10.712800      10.719900
   396   7.6212885262e-06   3.5327913502e-02   7.6323347230e-06   3.4247551050e-02      10.742600      10.747600
   397   7.6213545246e-06   3.5328522777e-02   7.6323706480e-06   3.4247868544e-02      10.742600      10.747700
   398   7.2559815479e-06   3.1955520961e-02   7.0158114473e-06   2.8798919731e-02      10.835200      10.844800
   399   7.2552787136e-06   3.1949032628e-02   7.0144492810e-06   2.8786881351e-02      10.835200      10.844800
   400   7.4982607912e-06   3.4192162365e-02   7.5003262560e-06   3.3080903341e-02      10.859800      10.861200
   401   7.7310740441e-06   3.6341416895e-02   7.3596219957e-06   3.1837405050e-02      10.859800      10.865400
   402   7.7387802495e-06   3.6412558020e-02   7.3443601410e-06   3.1702525763e-02      10.859800      10.865400
   403   1.0086298923e-05   5.8084069750e-02   6.7375782127e-06   2.6339985291e-02      10.861900      10.871000
   404   7.3313106865e-06   3.2650934518e-02   6.7334753734e-06   2.6303725737e-02      10.862300      10.871000
   405   7.4731807082e-06   3.3960631380e-02   7.4754767390e-06   3.2861291427e-02      10.862300      10.874000
   406   7.6015300418e-06   3.5145509745e-02   7.4934074328e-06   3.3019757041e-02      10.867800      10.874000
   407   7.6045213949e-06   3.5173124922e-02   1.0037692090e-05   5.5505313736e-02      10.867800      10.875600
   408   7.4303970082e-06   3.3565666489e-02   7.4340186387e-06   3.2494898279e-02      10.877500      10.880000
   409   7.9214408019e-06   3.8098819496e-02   7.7058440986e-06   3.4897202899e-02      10.925400      10.934500
   410   7.6642483046e-06   3.5724503890e-02   7.7056872355e-06   3.4895816595e-02      10.928800      10.934500
   411   7.6643372191e-06   3.5725324720e-02   7.9629464870e-06   3.7169389824e-02      10.928800      10.935000
   412   7.7847944582e-06   3.6837345893e-02   7.6893765820e-06   3.4751668367e-02      10.933000      10.938600
   413   7.7858934683e-06   3.6847491589e-02   7.6910467845e-06   3.4766429071e-02      10.933000      10.938600
   414   2.4073899755e-05   1.8721294908e-01   2.4450763140e-05   1.8288332755e-01      11.356800      11.476200
   415   1.0707127373e-05   6.3815351545e-02   1.1816856018e-05   7.1228983355e-02      11.596000      11.607900
   416   1.1949662256e-05   7.5286020380e-02   1.1817590899e-05   7.1235477993e-02      11.599600      11.608000
   417   1.1956481306e-05   7.5348971587e-02   1.0156823620e-05   5.6558159280e-02      11.599600      11.628600
   418   7.5097863984e-06   3.4298562938e-02   7.5625906431e-06   3.3631175654e-02      11.760000      11.765700
   419   7.5092286099e-06   3.4293413621e-02   7.5624857140e-06   3.3630248326e-02      11.760100      11.765700
   420   7.7730954830e-06   3.6729344845e-02   7.7549514256e-06   3.5331197415e-02      11.774200      11.776900
   421   7.7180291630e-06   3.6220990891e-02   7.6974155567e-06   3.4822714200e-02      11.803700      11.807600
   422   7.5509413926e-06   3.4678492159e-02   7.5954073215e-06   3.3921198738e-02      11.803800      11.815100
   423   7.4981426340e-06   3.4191071578e-02   7.5952723468e-06   3.3920005876e-02      11.803900      11.815100
   424   7.6603846525e-06   3.5688835939e-02   7.6759619740e-06   3.4633114443e-02      11.815800      11.819500
   425   7.5017813245e-06   3.4224662759e-02   7.5075422576e-06   3.3144676006e-02      11.819300      11.826700
   426   7.5022111321e-06   3.4228630599e-02   7.5079781385e-06   3.3148528178e-02      11.819400      11.826800
   427   3.3076033481e-05   2.7031765399e-01   2.4111538546e-05   1.7988537140e-01      12.646500      12.790100
   428   6.7839099343e-06   2.7597512811e-02   6.4162067437e-06   2.3499809225e-02      12.970400      12.986500
   429   6.7842651142e-06   2.7600791713e-02   6.4166285070e-06   2.3503536631e-02      12.970500      12.986600
   430   1.6059425901e-05   1.1322599166e-01   3.4594137069e-05   2.7252715293e-01      13.359300      13.496200
   431   1.1211101109e-04   9.9994228432e-01   1.1690911057e-04   1.0000000000e+00      14.240700      14.380500
   432   1.1211726301e-04   1.0000000000e+00   1.1690601493e-04   9.9997264178e-01      14.240800      14.380500
   433   4.9869883149e-06   1.1008929984e-02   4.8293502913e-06   9.4756902565e-03      17.339300      17.350800
   434   3.7946960483e-06   2.0842735606e-06   3.7916383358e-06   3.0473096863e-04      17.349900      17.354400
   435   3.7944702740e-06   0.0000000000e+00   3.7911527727e-06   3.0043972078e-04      17.349900      17.354400
   436   3.8207477760e-06   2.4258516050e-04   3.8221710648e-06   5.7456925403e-04      17.419900      17.424500
   437   3.8207299070e-06   2.4242019940e-04   3.8221471447e-06   5.7435785561e-04      17.419900      17.424500
   438   3.9910491766e-06   1.8147510567e-03   3.9926447068e-06   2.0811596155e-03      17.439200      17.445900
   439   5.1443590606e-06   1.2461724375e-02   5.0756208356e-06   1.1652148881e-02      17.862100      17.872600
   440   4.1167017907e-06   2.9747342051e-03   4.1239863894e-06   3.2419145029e-03      17.959800      17.964700
   441   4.1165653144e-06   2.9734743009e-03   4.1238443307e-06   3.2406590347e-03      17.959800      17.964700
   442   4.9453547949e-06   1.0624583173e-02   4.9356545021e-06   1.0415172146e-02      17.990900      17.996900
   443   4.0163589313e-06   2.0484022961e-03   4.0197220460e-06   2.3204602943e-03      18.001100      18.004600
   444   4.0166138842e-06   2.0507559358e-03   4.0200545576e-06   2.3233989233e-03      18.001200      18.004600
   445   4.4725216816e-06   6.2595451102e-03   4.4824007226e-06   6.4094633009e-03      18.123500      18.132600
   446   4.0284053833e-06   2.1596111350e-03   4.0334936287e-06   2.4421690440e-03      18.132800      18.137400
   447   4.0286988717e-06   2.1623205224e-03   4.0340018974e-06   2.4466609563e-03      18.132900      18.137400
   448   5.0639727298e-06   1.1719624501e-02   5.0567342252e-06   1.1485235187e-02      18.249000      18.254600
   449   5.0625901949e-06   1.1706861398e-02   5.0558588049e-06   1.1477498509e-02      18.249000      18.254600
   450   4.7664833794e-06   8.9733017476e-03   4.7589957194e-06   8.8539195312e-03      18.250400      18.257100
   451   4.3034222972e-06   4.6984758276e-03   4.2393152733e-06   4.2611535056e-03      18.806700      18.814800
   452   4.2323714982e-06   4.0425584790e-03   4.2380158185e-06   4.2496693488e-03      18.809700      18.814900
   453   4.2337152100e-06   4.0549631791e-03   4.2903905260e-06   4.7125399050e-03      18.809800      18.817300
   454   1.2722647308e-05   8.2421961331e-02   1.1816533328e-05   7.1226131522e-02      19.317900      19.341800
   455   4.5213960250e-06   6.7107367951e-03   4.4980245461e-06   6.5475415502e-03      19.502300      19.508300
   456   4.5219590253e-06   6.7159342273e-03   4.4986752290e-06   6.5532920723e-03      19.502300      19.508300
   457   4.6431412490e-06   7.8346482174e-03   4.6316631947e-06   7.7285962723e-03      19.511800      19.515600
   458   4.6409278633e-06   7.8142149767e-03   4.6279948389e-06   7.6961765422e-03      19.511800      19.515600
   459   5.1032067970e-06   1.2081820362e-02   5.0983509022e-06   1.1853029784e-02      19.514600      19.517200
   460   4.8666758151e-06   9.8982449959e-03   4.8456865980e-06   9.6200651985e-03      19.535500      19.541500
   461   4.4462722061e-06   6.0172186816e-03   4.4481493346e-06   6.1067607230e-03      19.614200      19.618900
   462   4.4461931758e-06   6.0164891003e-03   4.4480775920e-06   6.1061266850e-03      19.614200      19.618900
   463   4.2939332567e-06   4.6108761610e-03   4.2926586590e-06   4.7325849239e-03      19.640100      19.644000
   464   4.2939598530e-06   4.6111216892e-03   4.2926974579e-06   4.7329278154e-03      19.640100      19.644000
   465   4.9705245227e-06   1.0856941729e-02   4.9741250468e-06   1.0755162253e-02      19.693300      19.697600
   466   8.2851711232e-06   4.1456656865e-02   8.3750962908e-06   4.0811835159e-02      19.992100      20.008800
   467   6.2768487492e-06   2.2916492573e-02   6.2415055417e-06   2.1955857070e-02      20.160500      20.166400
   468   6.2751064661e-06   2.2900408394e-02   6.2397448230e-06   2.1940296413e-02      20.160600      20.166400
   469   5.0998858808e-06   1.2051162769e-02   5.0451325397e-06   1.1382703281e-02      20.182300      20.188800
   470   6.4923041597e-06   2.4905505273e-02   6.4834470502e-06   2.4094057090e-02      20.213000      20.216900
   471   6.7881712871e-06   2.7636852202e-02   6.4616416249e-06   2.3901347864e-02      20.216500      20.225200
   472   6.7843361893e-06   2.7601447856e-02   6.4597067901e-06   2.3884248426e-02      20.216600      20.225200
   473   6.0376817827e-06   2.0708582672e-02   5.8312984902e-06   1.8330581146e-02      20.229100      20.234600
   474   6.0358009247e-06   2.0691219216e-02   5.8299912849e-06   1.8319028492e-02      20.229100      20.234600
   475   5.2430336367e-06   1.3372655248e-02   5.2473035680e-06   1.3169424789e-02      20.278200      20.283800
   476   5.7759784593e-06   1.8292624619e-02   5.7999140266e-06   1.8053215508e-02      20.295600      20.299900
   477   5.4534166745e-06   1.5314841490e-02   5.4617120280e-06   1.5064296720e-02      20.297800      20.301600
   478   5.4531299362e-06   1.5312194418e-02   5.4608473962e-06   1.5056655387e-02      20.297800      20.301600
   479   6.1234201251e-06   2.1500090537e-02   6.1016046464e-06   2.0719458657e-02      20.313800      20.319400
   480   6.1227935157e-06   2.1494305887e-02   6.1005663909e-06   2.0710282893e-02      20.313800      20.319400
   481   6.1438241891e-06   2.1688454070e-02   6.1450005789e-06   2.1102977732e-02      20.324700      20.327900
   482   5.4534354133e-06   1.5315014480e-02   5.5313685244e-06   1.5679898082e-02      20.328100      20.332900
   483   5.4551378102e-06   1.5330730442e-02   5.5321694546e-06   1.5686976441e-02      20.328100      20.333000
   484   5.9654907636e-06   2.0042139190e-02   5.9658080897e-06   1.9519333047e-02      20.382500      20.386800
   485   5.9650986917e-06   2.0038519714e-02   5.9659558429e-06   1.9520638842e-02      20.382500      20.386800
   486   6.6099448011e-06   2.5991524553e-02   6.5694115803e-06   2.4853783526e-02      20.383500      20.388700
   487   5.7227451732e-06   1.7801192625e-02   5.6989562296e-06   1.7160983477e-02      20.433200      20.438200
   488   5.7232325403e-06   1.7805691836e-02   5.6993996510e-06   1.7164902290e-02      20.433200      20.438300
   489   6.2595611136e-06   2.2756898869e-02   6.2622747069e-06   2.2139408168e-02      20.456700      20.462300
   490   7.0263580699e-06   2.9835713373e-02   6.9836085722e-06   2.8514321241e-02      20.617200      20.626000
   491   7.0263782824e-06   2.9835899968e-02   6.9836158599e-06   2.8514385647e-02      20.617300      20.626100
   492   7.4619097297e-06   3.3856581454e-02   7.5167384751e-06   3.3225949171e-02      20.644500      20.657300
   493   7.9730149482e-06   3.8574934865e-02   7.9700574370e-06   3.7232234078e-02      20.722400      20.726900
   494   7.0385122254e-06   2.9947916494e-02   7.0897650426e-06   2.9452497449e-02      20.754000      20.761200
   495   7.0364375634e-06   2.9928763905e-02   7.0880310795e-06   2.9437173250e-02      20.754000      20.761200
   496   6.0154097792e-06   2.0502974942e-02   5.9957106563e-06   1.9783602163e-02      20.774600      20.782300
   497   6.0162998011e-06   2.0511191329e-02   5.9961856449e-06   1.9787799957e-02      20.774600      20.782300
   498   6.8302800903e-06   2.8025586671e-02   6.8102323386e-06   2.6982078722e-02      20.818700      20.825100
   499   6.8292767226e-06   2.8016323914e-02   6.8095434545e-06   2.6975990590e-02      20.818800      20.825200
   500   5.2880443682e-06   1.3788179352e-02   5.2490537591e-06   1.3184892405e-02      20.819800      20.829600
   501   6.4194471094e-06   2.4232913213e-02   6.4861033261e-06   2.4117532389e-02      20.832600      20.837100
   502   7.5391386989e-06   3.4569533615e-02   7.4526020378e-06   3.2659132290e-02      20.841300      20.845800
   503   5.8716798358e-06   1.9176107902e-02   5.8785742024e-06   1.8748388447e-02      20.849400      20.853400
   504   5.8712858722e-06   1.9172470962e-02   5.8785259952e-06   1.8747962407e-02      20.849400      20.853400
   505   6.6399729814e-06   2.6268734727e-02   6.5702547183e-06   2.4861234904e-02      20.851700      20.854800
   506   5.8699253229e-06   1.9159910822e-02   5.9092276426e-06   1.9019293538e-02      20.860400      20.865600
   507   5.8703288711e-06   1.9163636245e-02   5.9096164164e-06   1.9022729394e-02      20.860400      20.865600
   508   5.7717754066e-06   1.8253823435e-02   5.7765356715e-06   1.7846605242e-02      20.870200      20.876200
   509   5.7716835624e-06   1.8252975560e-02   5.7762162303e-06   1.7843782125e-02      20.870300      20.876200
   510   7.6585517505e-06   3.5671915197e-02   7.6479801909e-06   3.4385820585e-02      20.876400      20.883400
   511   6.4188135228e-06   2.4227064152e-02   6.4667309996e-06   2.3946326095e-02      20.887800      20.892500
   512   6.4170150671e-06   2.4210461407e-02   6.4642223010e-06   2.3924155037e-02      20.887800      20.892600
   513   5.8699508356e-06   1.9160146347e-02   5.9419757698e-06   1.9308710789e-02      20.893600      20.897700
   514   5.8702486145e-06   1.9162895343e-02   5.9415311229e-06   1.9304781145e-02      20.893600      20.897700
   515   6.8620544102e-06   2.8318916625e-02   6.8431355277e-06   2.7272866359e-02      20.899700      20.902500
   516   6.1914122083e-06   2.2127770838e-02   6.2372960330e-06   2.1918654807e-02      20.903800      20.909000
   517   6.1933445732e-06   2.2145609788e-02   6.2408407862e-06   2.1949982177e-02      20.903800      20.909000
   518   5.3382369321e-06   1.4251540410e-02   5.3224973059e-06   1.3833962482e-02      20.905400      20.910200
   519   6.8097139643e-06   2.7835727034e-02   6.7911688201e-06   2.6813601573e-02      20.915600      20.919000
   520   5.0587331292e-06   1.1671254251e-02   4.8622585546e-06   9.7665227378e-03      20.925500      20.931300
   521   5.0636721824e-06   1.1716849947e-02   4.8673072841e-06   9.8111417593e-03      20.925600      20.931300
   522   5.1531168408e-06   1.2542573290e-02   5.3090446097e-06   1.3715071947e-02      20.934900      20.940400
   523   5.1493970462e-06   1.2508233382e-02   5.3049597300e-06   1.3678971114e-02      20.934900      20.940500
   524   4.4722455671e-06   6.2569961128e-03   4.4653227697e-06   6.2585339319e-03      20.940900      20.947100
   525   5.7236879993e-06   1.7809896482e-02   5.7430680009e-06   1.7550828902e-02      20.943500      20.947900
   526   5.2398400768e-06   1.3343173364e-02   5.2303703671e-06   1.3019774690e-02      21.050800      21.059500
   527   4.6682953268e-06   8.0668622984e-03   4.6832576951e-06   8.1845716128e-03      21.061700      21.066900
   528   4.6688362238e-06   8.0718556800e-03   4.6840108516e-06   8.1912277641e-03      21.061800      21.067000
   529   6.3462193095e-06   2.3556898516e-02   6.3722488877e-06   2.3111324053e-02      21.125000      21.129100
   530   6.3450007854e-06   2.3545649507e-02   6.3709232158e-06   2.3099608198e-02      21.125100      21.129100
   531   6.9715512348e-06   2.9329754898e-02   6.9666406082e-06   2.8364363917e-02      21.141200      21.148400
   532   7.0131335934e-06   2.9713629403e-02   7.0654092340e-06   2.9237248768e-02      21.224300      21.235200
   533   6.3677306363e-06   2.3755483932e-02   6.3016505871e-06   2.2487399334e-02      21.267700      21.274500
   534   6.3673802600e-06   2.3752249374e-02   6.3013061274e-06   2.2484355111e-02      21.267700      21.274500
   535   5.7439646636e-06   1.7997083904e-02   5.7444544872e-06   1.7563082215e-02      21.324900      21.328400
   536   5.3862825712e-06   1.4695081773e-02   5.3922853238e-06   1.4450726187e-02      21.339200      21.346300
   537   5.2987586873e-06   1.3887090384e-02   5.2603425537e-06   1.3284659085e-02      21.356800      21.362100
   538   5.2987228571e-06   1.3886759611e-02   5.2603361163e-06   1.3284602194e-02      21.356800      21.362200
   539   5.5794053160e-06   1.6477926731e-02   5.5389800479e-06   1.5747166240e-02      21.385200      21.388600
   540   5.5722907786e-06   1.6412247687e-02   5.5322744766e-06   1.5687904591e-02      21.385200      21.388600
   541   5.9983108025e-06   2.0345122876e-02   6.0211544827e-06   2.0008466389e-02      21.389200      21.392500
   542   5.6184530695e-06   1.6838402605e-02   5.6548239072e-06   1.6770956427e-02      21.392200      21.396700
   543   5.6183808577e-06   1.6837735971e-02   5.6549698554e-06   1.6772246270e-02      21.392200      21.396800
   544   5.4271618285e-06   1.5072465482e-02   5.3662980262e-06   1.4221058939e-02      21.406700      21.412200
   545   5.3466891130e-06   1.4329568134e-02   5.5283596607e-06   1.5653306727e-02      21.409400      21.413600
   546   5.2875956037e-06   1.3784036508e-02   5.2729977409e-06   1.3396501495e-02      21.409500      21.415000
   547   5.2854574528e-06   1.3764297810e-02   5.2735579057e-06   1.3401452049e-02      21.409600      21.415000
   548   5.6712703643e-06   1.7325994307e-02   5.6099875810e-06   1.6374707622e-02      21.418300      21.423300
   549   5.6726375137e-06   1.7338615376e-02   5.6113143247e-06   1.6386432950e-02      21.418300      21.423300
   550   5.7001445001e-06   1.7592550727e-02   5.6975633065e-06   1.7148673277e-02      21.427600      21.430600
   551   6.7731924030e-06   2.7498572126e-02   6.9624272091e-06   2.8327127272e-02      21.431800      21.439100
   552   6.7757232231e-06   2.7521935815e-02   6.9648240895e-06   2.8348310118e-02      21.431800      21.439100
   553   6.3567047957e-06   2.3653697038e-02   6.4101741622e-06   2.3446495241e-02      21.436500      21.446200
   554   5.7137512728e-06   1.7718163927e-02   5.6748541536e-06   1.6947977201e-02      21.441700      21.446800
   555   5.7137405556e-06   1.7718064990e-02   5.6749694077e-06   1.6948995780e-02      21.441700      21.446800
   556   6.2246525946e-06   2.2434635031e-02   6.3745665171e-06   2.3131806504e-02      21.451700      21.455700
   557   6.2261352705e-06   2.2448322602e-02   6.3777375620e-06   2.3159831164e-02      21.451700      21.455800
   558   5.7658108004e-06   1.8198760174e-02   5.7801757438e-06   1.7878775012e-02      21.454400      21.458200
   559   5.5101165447e-06   1.5838275836e-02   5.5339629916e-06   1.5702827135e-02      21.465400      21.471600
   560   5.5104349585e-06   1.5841215327e-02   5.5342384228e-06   1.5705261306e-02      21.465400      21.471700
   561   5.8939175181e-06   1.9381398790e-02   5.8812467751e-06   1.8772007772e-02      21.477400      21.482000
   562   5.8933486569e-06   1.9376147252e-02   5.8812249790e-06   1.8771815144e-02      21.477500      21.482000
   563   6.8310299009e-06   2.8032508673e-02   6.8278838286e-06   2.7138076824e-02      21.481700      21.489900
   564   5.8061335815e-06   1.8571006680e-02   5.7709958919e-06   1.7797646480e-02      21.492200      21.496100
   565   6.9822791508e-06   2.9428791451e-02   6.9817920796e-06   2.8498267672e-02      21.511600      21.515700
   566   6.9821342970e-06   2.9427454208e-02   6.9817674907e-06   2.8498050364e-02      21.511600      21.515800
   567   7.7419449143e-06   3.6441773153e-02   7.7342979852e-06   3.5148669055e-02      21.591100      21.595600
   568   7.7422501426e-06   3.6444590919e-02   7.7343826904e-06   3.5149417652e-02      21.591100      21.595600
   569   9.2660397114e-06   5.0511709485e-02   9.2928900975e-06   4.8922997019e-02      21.601700      21.611600
   570   8.2556184804e-06   4.1183836694e-02   8.2100696332e-06   3.9353383466e-02      21.646600      21.657900
   571   5.8809258624e-06   1.9261464145e-02   5.8692146610e-06   1.8665671877e-02      21.714900      21.721900
   572   5.8815358269e-06   1.9267095134e-02   5.8697216762e-06   1.8670152712e-02      21.714900      21.721900
   573   6.8220560054e-06   2.7949664654e-02   6.8377393945e-06   2.7225177097e-02      21.737100      21.741700
   574   6.8189918917e-06   2.7921377775e-02   6.8370325129e-06   2.7218929909e-02      21.737100      21.741700
   575   6.0929162534e-06   2.1218488937e-02   6.0998522294e-06   2.0703971368e-02      21.738200      21.745600
   576   6.8803777059e-06   2.8488071198e-02   7.0033332189e-06   2.8688641225e-02      21.764500      21.772900
   577   6.7997755652e-06   2.7743979039e-02   6.7919883998e-06   2.6820844751e-02      21.778800      21.782800
   578   6.7998064720e-06   2.7744264361e-02   6.7922355289e-06   2.6823028796e-02      21.778800      21.782800
   579   7.3228692241e-06   3.2573005745e-02   7.4114826215e-06   3.2295732320e-02      21.786900      21.791300
   580   7.2564710014e-06   3.1960039433e-02   7.2362943710e-06   3.0747475788e-02      21.794200      21.804200
   581   6.6425164614e-06   2.6292215289e-02   6.6477132935e-06   2.5545788490e-02      21.806900      21.809700
   582   6.6727886694e-06   2.6571678246e-02   6.6753887663e-06   2.5790375278e-02      21.808900      21.816800
   583   6.6796541238e-06   2.6635057838e-02   6.6807206980e-06   2.5837497148e-02      21.809000      21.816800
   584   6.4049858300e-06   2.4099411490e-02   6.7706872737e-06   2.6632592357e-02      21.817600      21.823800
   585   6.4064387187e-06   2.4112824076e-02   6.7727260821e-06   2.6650610679e-02      21.817600      21.823900
   586   6.5696110130e-06   2.5619176434e-02   6.6008089315e-06   2.5131263060e-02      21.943100      21.953000
   587   6.5698409004e-06   2.5621298678e-02   6.6010361201e-06   2.5133270878e-02      21.943100      21.953000
   588   6.5009704575e-06   2.4985509653e-02   6.5204456373e-06   2.4421038516e-02      22.047000      22.052500
   589   6.4985488879e-06   2.4963154526e-02   6.5176162296e-06   2.4396033136e-02      22.047100      22.052500
   590   6.0049424864e-06   2.0406344376e-02   6.0027935992e-06   1.9846198899e-02      22.056000      22.062500
   591   6.7117850316e-06   2.6931679694e-02   6.7243343148e-06   2.6222940047e-02      22.156200      22.163500
   592   6.7113661872e-06   2.6927813062e-02   6.7238360910e-06   2.6218536908e-02      22.156200      22.163500
   593   6.8412402671e-06   2.8126767379e-02   6.8465214043e-06   2.7302789631e-02      22.163900      22.166100
   594   6.7891728248e-06   2.7646098066e-02   6.7817263820e-06   2.6730152390e-02      22.218600      22.224600
   595   6.7892176647e-06   2.7646512012e-02   6.7817728234e-06   2.6730562823e-02      22.218600      22.224600
   596   6.9288281912e-06   2.8935349966e-02   6.9967947987e-06   2.8630856802e-02      22.226700      22.240700
   597   7.0148222830e-06   2.9729218825e-02   7.0277360714e-06   2.8904305664e-02      22.238100      22.246100
   598   7.0148302004e-06   2.9729291915e-02   7.0277346164e-06   2.8904292805e-02      22.238100      22.246200
   599   6.7622621084e-06   2.7397667281e-02   6.7622895548e-06   2.6558376060e-02      22.257100      22.259500
   600   5.7151420042e-06   1.7731002697e-02   5.7622058969e-06   1.7719963375e-02      22.387900      22.396900
   601   7.4741342988e-06   3.3969434611e-02   7.4771959370e-06   3.2876485137e-02      22.396300      22.402400
   602   7.4742351973e-06   3.3970366072e-02   7.4769259605e-06   3.2874099173e-02      22.396400      22.402400
   603   7.2794348319e-06   3.2172033880e-02   7.2914731447e-06   3.1235127766e-02      22.436000      22.444900
   604   6.6065407857e-06   2.5960099814e-02   6.5967871211e-06   2.5095719613e-02      22.499900      22.505700
   605   6.6069520548e-06   2.5963896514e-02   6.5968642689e-06   2.5096401420e-02      22.500000      22.505800
   606   6.3115457222e-06   2.3236803489e-02   6.3357597483e-06   2.2788844959e-02      22.507800      22.513000
   607   6.3129060484e-06   2.3249361568e-02   6.3375429706e-06   2.2804604495e-02      22.507900      22.513000
   608   6.1892161385e-06   2.2107497452e-02   6.1855668773e-06   2.1461489426e-02      22.516100      22.519000
   609   6.4216246856e-06   2.4253015872e-02   6.4779930054e-06   2.4045856024e-02      22.598600      22.611800
   610   6.4202900636e-06   2.4240695085e-02   6.4573574814e-06   2.3863486003e-02      22.602900      22.611800
   611   6.4270273078e-06   2.4302891083e-02   6.4762669834e-06   2.4030602005e-02      22.602900      22.612900
   612   6.3986417400e-06   2.4040844962e-02   6.2707791556e-06   2.2214567707e-02      22.614700      22.631000
   613   9.0845006532e-06   4.8835801270e-02   9.0487555073e-06   4.6765415259e-02      22.824100      22.832700
   614   9.0847663868e-06   4.8838254434e-02   9.0489661882e-06   4.6767277188e-02      22.824200      22.832800
   615   7.9270329006e-06   3.8150443892e-02   7.8652226931e-06   3.6305738856e-02      22.849800      22.862700
   616   5.4193714400e-06   1.5000547207e-02   5.3766732026e-06   1.4312751360e-02      23.131800      23.137100
   617   5.4195200215e-06   1.5001918861e-02   5.3767777497e-06   1.4313675313e-02      23.131800      23.137100
   618   5.6136481823e-06   1.6794045485e-02   5.5021223373e-06   1.5421429833e-02      23.137900      23.141600
   619   5.5137237951e-06   1.5871576772e-02   5.7532324965e-06   1.7640659394e-02      23.138700      23.146700
   620   4.7574817061e-06   8.8902012939e-03   4.6779955114e-06   8.1380661521e-03      23.153100      23.157900
   621   4.7571025845e-06   8.8867013691e-03   4.6777059910e-06   8.1355074658e-03      23.153100      23.157900
   622   6.3232358185e-06   2.3344722570e-02   5.4321115742e-06   1.4802697578e-02      23.165800      23.173300
   623   5.4253294674e-06   1.5055549734e-02   5.4323392927e-06   1.4804710080e-02      23.168100      23.173300
   624   5.4251872307e-06   1.5054236652e-02   6.5375183860e-06   2.4571921893e-02      23.168100      23.180700
   625   5.8664624323e-06   1.9127942568e-02   5.8721698682e-06   1.8691789033e-02      23.183700      23.185900
   626   5.0347966897e-06   1.1450281002e-02   5.0320610314e-06   1.1267181561e-02      23.195800      23.198900
   627   5.0359121905e-06   1.1460578934e-02   5.0331740615e-06   1.1277018157e-02      23.195800      23.198900
   628   5.3049345033e-06   1.3944103463e-02   5.3051914398e-06   1.3681018890e-02      23.202800      23.205700
   629   5.5367660965e-06   1.6084295636e-02   5.4952122538e-06   1.5360360773e-02      23.208700      23.212400
   630   4.9493792568e-06   1.0661735666e-02   4.9255153884e-06   1.0325565972e-02      23.215100      23.218100
   631   4.9497560523e-06   1.0665214117e-02   4.9259557787e-06   1.0329457997e-02      23.215100      23.218100
   632   5.1371230944e-06   1.2394924341e-02   5.2759283404e-06   1.3422401177e-02      23.228800      23.237100
   633   5.6639439987e-06   1.7258359736e-02   5.6753825486e-06   1.6952646984e-02      23.281900      23.289700
   634   5.6644761125e-06   1.7263272034e-02   5.6759124861e-06   1.6957330399e-02      23.282000      23.289700
   635   5.4953155443e-06   1.5701637922e-02   5.5349487702e-06   1.5711539124e-02      23.371200      23.378400
   636   5.4953818938e-06   1.5702250439e-02   5.5350399894e-06   1.5712345290e-02      23.371200      23.378400
   637   6.7071603384e-06   2.6888986064e-02   6.7120458805e-06   2.6114338879e-02      23.396400      23.411900
   638   6.0188588679e-06   2.0534815782e-02   6.0596158044e-06   2.0348374987e-02      23.436500      23.446200
   639   6.0197665905e-06   2.0543195576e-02   6.0605531447e-06   2.0356658894e-02      23.436600      23.446200
   640   7.0001278653e-06   2.9593564847e-02   7.0098311044e-06   2.8746067414e-02      23.704900      23.710100
   641   1.3432272167e-05   8.8972982044e-02   1.4086544371e-05   9.1287747607e-02      23.709100      23.731400
   642   7.1859014203e-06   3.1308564528e-02   7.1436104192e-06   2.9928365299e-02      23.731700      23.740400
   643   7.1861907067e-06   3.1311235123e-02   7.1415114034e-06   2.9909814882e-02      23.731800      23.740400
   644   7.1315569440e-06   3.0806874395e-02   7.0949754268e-06   2.9498545123e-02      23.791200      23.797100
   645   7.1313027369e-06   3.0804527639e-02   7.0946499512e-06   2.9495668675e-02      23.791200      23.797100
   646   7.6325158635e-06   3.5431560546e-02   7.5870583295e-06   3.3847413074e-02      23.880100      23.882900
   647   7.3739062369e-06   3.3044162474e-02   7.3805282484e-06   3.2022167682e-02      23.884500      23.891200
   648   7.3739786910e-06   3.3044831347e-02   7.3796865900e-06   3.2014729380e-02      23.884500      23.891200
   649   7.2036252488e-06   3.1472185019e-02   7.3171499454e-06   3.1462050943e-02      23.895600      23.897600
   650   8.0480894402e-06   3.9267997609e-02   6.6199656403e-06   2.5300563795e-02      23.911000      23.917200
   651   8.0555993307e-06   3.9337326420e-02   8.0492540737e-06   3.7932148082e-02      23.911000      23.917400
   652   6.7144408584e-06   2.6956197404e-02   7.9843127614e-06   3.7358217978e-02      23.912800      23.917400
   653   6.7002590107e-06   2.6825275302e-02   6.6895188251e-06   2.5915252122e-02      23.950000      23.956100
   654   6.7006299703e-06   2.6828699878e-02   6.6901321879e-06   2.5920672822e-02      23.950000      23.956100
   655   8.1183490789e-06   3.9916611229e-02   8.1969423555e-06   3.9237368874e-02      23.957100      23.969400
   656   7.8322664212e-06   3.7275591268e-02   7.8174727115e-06   3.5883740116e-02      23.965200      23.969400
   657   6.6276404118e-06   2.6154884546e-02   6.6569290771e-06   2.5627234575e-02      23.997900      24.004200
   658   6.6345206632e-06   2.6218400739e-02   6.6787809665e-06   2.5820354435e-02      23.997900      24.004200
   659   7.8265718556e-06   3.7223020933e-02   7.9210989074e-06   3.6799554585e-02      24.001200      24.004800
   660   8.3029379002e-06   4.1620673842e-02   8.3431646682e-06   4.0529633909e-02      24.114500      24.124500
   661   8.3038262678e-06   4.1628874956e-02   8.3437947096e-06   4.0535202009e-02      24.114500      24.124500
   662   9.5959057481e-06   5.3556923039e-02   9.4595613426e-06   5.0395983039e-02      24.129400      24.143500
   663   9.5957495787e-06   5.3555481335e-02   9.4589503952e-06   5.0390583685e-02      24.129400      24.143500
   664   9.2977155197e-06   5.0804130013e-02   9.3089806618e-06   4.9065200170e-02      24.233800      24.241700
   665   9.2978300604e-06   5.0805187415e-02   9.3091430434e-06   4.9066635246e-02      24.233800      24.241700
   666   9.3908450585e-06   5.1663870945e-02   9.4086283956e-06   4.9945854291e-02      24.291300      24.295900
   667   8.5014354586e-06   4.3453137291e-02   8.5753831551e-06   4.2581905040e-02      24.296400      24.307100
   668   9.1040854311e-06   4.9016601426e-02   9.1226104167e-06   4.7418120823e-02      24.320800      24.329400
   669   9.1031496496e-06   4.9007962603e-02   9.1219214808e-06   4.7412032233e-02      24.320800      24.329400
   670   9.5619289255e-06   5.3243260312e-02   9.6218422444e-06   5.1830168639e-02      24.348400      24.353900
   671   9.5646077809e-06   5.3267990614e-02   9.6213395847e-06   5.1825726297e-02      24.348400      24.353900
   672   1.0640325283e-05   6.3198656862e-02   1.0694942174e-05   6.1313875280e-02      24.349600      24.358200
   673   9.9680176657e-06   5.6992136517e-02   9.9987268280e-06   5.5160951477e-02      24.363800      24.370000
   674   9.9689941366e-06   5.7001150972e-02   9.9997471960e-06   5.5169969156e-02      24.363800      24.370100
   675   9.1754485160e-06   4.9675401695e-02   9.1459750792e-06   4.7624610078e-02      24.381300      24.385300
   676   1.0108112345e-05   5.8285444009e-02   1.0055395210e-05   5.5661768128e-02      24.394000      24.401500
   677   1.0094556061e-05   5.8160296899e-02   1.0044176481e-05   5.5562620659e-02      24.394000      24.401500
   678   1.0628950127e-05   6.3093645211e-02   1.0761088996e-05   6.1898459285e-02      24.396800      24.403000
   679   9.9560517373e-06   5.6881671046e-02   1.0075624435e-05   5.5840547410e-02      24.420400      24.428800
   680   9.9559235360e-06   5.6880487534e-02   1.0075778400e-05   5.5841908103e-02      24.420500      24.428800
   681   9.5025458559e-06   5.2695055561e-02   8.9924411089e-06   4.6267727002e-02      24.436700      24.450200
   682   9.3010929610e-06   5.0835309429e-02   9.2107355214e-06   4.8196941712e-02      24.445700      24.452300
   683   9.2981106987e-06   5.0807778174e-02   9.2061349793e-06   4.8156283623e-02      24.445700      24.452400
   684   1.0048054466e-05   5.7731009637e-02   9.6848020936e-06   5.2386587220e-02      24.476000      24.482500
   685   9.4502832810e-06   5.2212584849e-02   9.4823376708e-06   5.0597272788e-02      24.480400      24.488500
   686   9.4592324874e-06   5.2295200947e-02   9.4899032598e-06   5.0664134991e-02      24.480500      24.488500
   687   9.5208685914e-06   5.2864204962e-02   9.7193161597e-06   5.2691611262e-02      24.496800      24.508600
   688   9.3622830593e-06   5.1400196067e-02   9.3246061055e-06   4.9203292738e-02      24.515300      24.519100
   689   9.2323749861e-06   5.0200927936e-02   9.1199752660e-06   4.7394832222e-02      24.541600      24.548200
   690   9.2214345154e-06   5.0099929149e-02   9.1094914050e-06   4.7302179283e-02      24.541700      24.548200
   691   1.3046210282e-05   8.5408987101e-02   1.0436830681e-05   5.9032770224e-02      24.546300      24.550700
   692   1.0480294648e-05   6.1721307259e-02   1.2880009508e-05   8.0624786610e-02      24.546900      24.552600
   693   8.1379919338e-06   4.0097947533e-02   8.0636519541e-06   3.8059391846e-02      24.558600      24.565200
   694   8.1360041616e-06   4.0079597081e-02   8.0623409995e-06   3.8047806058e-02      24.558600      24.565200
   695   1.0977912245e-05   6.6315147437e-02   1.0960578359e-05   6.3661481109e-02      24.576200      24.581900
   696   9.8327963122e-06   5.5743817949e-02   9.2783997692e-06   4.8794936231e-02      24.578200      24.585600
   697   9.8299982756e-06   5.5717987406e-02   9.2695954620e-06   4.8717126639e-02      24.578300      24.585600
   698   8.9906813205e-06   4.7969692390e-02   8.9602167400e-06   4.5982938555e-02      24.582800      24.589100
   699   8.9990475539e-06   4.8046926675e-02   8.9676147336e-06   4.6048319606e-02      24.582800      24.589100
   700   1.0571801021e-05   6.2566063666e-02   1.0570649972e-05   6.0215421403e-02      24.594600      24.598000
   701   7.9470013879e-06   3.8334786326e-02   7.8591682317e-06   3.6252231504e-02      24.599800      24.605000
   702   7.9470550632e-06   3.8335281838e-02   7.8587936194e-06   3.6248920803e-02      24.599800      24.605000
   703   9.0767840309e-06   4.8764563979e-02   1.0191487379e-05   5.6864506263e-02      24.609900      24.616600
   704   9.0600704314e-06   4.8610269586e-02   9.1913736976e-06   4.8025828237e-02      24.610000      24.617200
   705   1.0131834161e-05   5.8504435921e-02   9.2410358323e-06   4.8464725962e-02      24.611900      24.617300
   706   1.0780822612e-05   6.4495681482e-02   1.0779457470e-05   6.2060793864e-02      24.766200      24.778600
   707   1.0781415919e-05   6.4501158695e-02   1.0780050112e-05   6.2066031434e-02      24.766200      24.778600
   708   1.2244552006e-05   7.8008344492e-02   1.2287160091e-05   7.5385377128e-02      25.313100      25.332200
   709   1.1995084188e-05   7.5705340553e-02   1.1977859116e-05   7.2651876144e-02      25.398800      25.412800
   710   1.2000816803e-05   7.5758262147e-02   1.1982382968e-05   7.2691856464e-02      25.398900      25.412900
   711   1.0506198237e-05   6.1960440576e-02   1.0529976799e-05   5.9855965184e-02      25.410300      25.425600
   712   6.3040149281e-06   2.3167281702e-02   6.2890252186e-06   2.2375820451e-02      25.793600      25.799600
   713   6.3013690200e-06   2.3142855558e-02   6.2881225769e-06   2.2367843199e-02      25.793600      25.799600
   714   6.9576333564e-06   2.9201269672e-02   6.9022001114e-06   2.7794859856e-02      25.797600      25.809300
   715   6.3603247808e-06   2.3687115537e-02   6.3552472928e-06   2.2961069511e-02      25.856500      25.861200
   716   6.3603474988e-06   2.3687325262e-02   6.3552691392e-06   2.2961262582e-02      25.856500      25.861200
   717   1.0029339088e-05   5.7558235492e-02   9.8299003425e-06   5.3668918146e-02      25.986100      25.989000
   718   1.0037084840e-05   5.7629741705e-02   1.0006512338e-05   5.5229757272e-02      26.004100      26.014900
   719   1.0038050789e-05   5.7638659024e-02   1.0007915731e-05   5.5242159997e-02      26.004100      26.014900
   720   1.0982963068e-05   6.6361774955e-02   1.0876069073e-05   6.2914615648e-02      26.021200      26.026500
   721   8.4110013806e-06   4.2618279956e-02   8.3526193023e-06   4.0613190876e-02      26.071400      26.077800
   722   8.4106113257e-06   4.2614679099e-02   8.3522438411e-06   4.0609872674e-02      26.071400      26.077800
   723   1.0210793848e-05   5.9233365500e-02   1.0161742930e-05   5.6601634534e-02      26.164200      26.173100
   724   1.0210167407e-05   5.9227582406e-02   1.0161637540e-05   5.6600703130e-02      26.164200      26.173100
   725   9.5707824783e-06   5.3324993367e-02   9.5331971307e-06   5.1046752081e-02      26.167900      26.181900
   726   1.0663585749e-05   6.3413389756e-02   1.0732196779e-05   6.1643119315e-02      26.179700      26.184300
   727   9.1468472400e-06   4.9411364226e-02   9.1932907454e-06   4.8042770480e-02      26.253200      26.259300
   728   9.1462644089e-06   4.9405983723e-02   9.1938971160e-06   4.8048129385e-02      26.253300      26.259400
   729   1.1061411167e-05   6.7085981719e-02   1.0898030007e-05   6.3108699211e-02      26.255000      26.263000
   730   8.3137083675e-06   4.1720103214e-02   7.9215002469e-06   3.6803101493e-02      26.460200      26.475500
   731   9.6366615645e-06   5.3933167183e-02   9.5553478252e-06   5.1242512683e-02      26.562500      26.572200
   732   9.6364843457e-06   5.3931531158e-02   9.5552259582e-06   5.1241435662e-02      26.562500      26.572200
   733   8.6188502701e-06   4.4537071785e-02   9.2118412033e-06   4.8206713368e-02      26.576900      26.590800
   734   9.7020441644e-06   5.4536757602e-02   9.7050741644e-06   5.2565745159e-02      26.651200      26.655600
   735   7.2782172274e-06   3.2160793360e-02   7.2427591330e-06   3.0804609243e-02      26.656900      26.663700
   736   7.2760537867e-06   3.2140821195e-02   7.2413781048e-06   3.0792404167e-02      26.657000      26.663800
   737   8.6974182636e-06   4.5262385372e-02   8.7663475315e-06   4.4269585820e-02      26.666500      26.673500
   738   8.7704640768e-06   4.5936720029e-02   8.6558746016e-06   4.3293262152e-02      26.710100      26.717200
   739   8.7728759201e-06   4.5958985364e-02   8.6588456050e-06   4.3319518909e-02      26.710100      26.717200
   740   8.8189906064e-06   4.6384700813e-02   8.8462573842e-06   4.4975802994e-02      26.727100      26.733000
   741   8.8181729216e-06   4.6377152219e-02   8.8455601386e-06   4.4969640965e-02      26.727100      26.733000
   742   9.1734397448e-06   4.9656857387e-02   9.0677561681e-06   4.6933336893e-02      26.736200      26.747200
   743   7.6330171154e-06   3.5436187937e-02   7.6354142598e-06   3.4274766991e-02      26.756600      26.762600
   744   7.6332005581e-06   3.5437881419e-02   7.6356363443e-06   3.4276729701e-02      26.756600      26.762600
   745   8.9365393386e-06   4.7469871618e-02   8.9525030990e-06   4.5914767916e-02      26.791800      26.801300
   746   7.1547940935e-06   3.1021392031e-02   7.1551427574e-06   3.0030284336e-02      26.814400      26.816900
   747   7.3229926808e-06   3.2574145455e-02   7.3299721642e-06   3.1575369525e-02      26.846000      26.851900
   748   7.3224124635e-06   3.2568789083e-02   7.3293858716e-06   3.1570188062e-02      26.846000      26.851900
   749   9.2722331232e-06   5.0568885003e-02   9.2234992040e-06   4.8309742970e-02      26.866100      26.873700
   750   9.5188385979e-06   5.2845464737e-02   9.6047601154e-06   5.1679202363e-02      26.899600      26.905300
   751   9.5191373104e-06   5.2848222351e-02   9.6050974917e-06   5.1682183984e-02      26.899600      26.905400
   752   8.8604467389e-06   4.6767410042e-02   8.8993410515e-06   4.5444939106e-02      26.921300      26.928000
   753   8.8600496739e-06   4.6763744470e-02   8.8989740696e-06   4.5441695840e-02      26.921300      26.928100
   754   9.2635877561e-06   5.0489073849e-02   9.2873880441e-06   4.8874371669e-02      27.041900      27.054200
   755   9.2642211220e-06   5.0494920872e-02   9.2880343721e-06   4.8880083704e-02      27.041900      27.054200
   756   8.9104423488e-06   4.7228952887e-02   8.9077018639e-06   4.5518829234e-02      27.091300      27.094200
   757   9.2251159990e-06   5.0133915381e-02   9.2448702341e-06   4.8498613153e-02      27.092300      27.103900
   758   1.0077555632e-05   5.8003354596e-02   1.0001498936e-05   5.5185450462e-02      27.111800      27.120800
   759   1.0077830930e-05   5.8005896054e-02   1.0001601513e-05   5.5186357006e-02      27.111800      27.120800
   760   9.7940613670e-06   5.5386229816e-02   9.7797043731e-06   5.3225302566e-02      27.175500      27.181100
   761   9.7945796745e-06   5.5391014659e-02   9.7804108022e-06   5.3231545756e-02      27.175600      27.181100
   762   8.3676119030e-06   4.2217722728e-02   9.6604729642e-06   5.2171574322e-02      27.189300      27.194900
   763   9.6691942231e-06   5.4233497868e-02   8.8503896909e-06   4.5012322971e-02      27.191700      27.204900
   764   8.8713528283e-06   4.6868091432e-02   8.8515895762e-06   4.5022927166e-02      27.195800      27.204900
   765   8.8726233274e-06   4.6879820258e-02   8.3642312888e-06   4.0715813820e-02      27.195800      27.208800
   766   7.8759347328e-06   3.7678722600e-02   7.5184050002e-06   3.3240677376e-02      27.239900      27.253300
   767   1.1205282332e-05   6.8414152464e-02   1.1253965633e-05   6.6254342003e-02      27.252300      27.255800
   768   1.1206512208e-05   6.8425506274e-02   1.1256082219e-05   6.6273047703e-02      27.252300      27.255900
   769   1.1678378875e-05   7.2781622425e-02   1.1810072493e-05   7.1169032777e-02      27.257200      27.266300
   770   9.3106121777e-06   5.0923187671e-02   9.2058544689e-06   4.8153804564e-02      27.268800      27.275500
   771   9.3100282371e-06   5.0917796925e-02   9.2049700720e-06   4.8145988553e-02      27.268800      27.275500
   772   8.8990029052e-06   4.7123347747e-02   8.8711897885e-06   4.5196147439e-02      27.282300      27.289800
   773   8.9008692866e-06   4.7140577560e-02   8.8729702012e-06   4.5211882145e-02      27.282300      27.289900
   774   9.4756841667e-06   5.2447077379e-02   9.5144631266e-06   5.0881187072e-02      27.291500      27.295900
   775   9.6958776317e-06   5.4479830223e-02   9.7302925450e-06   5.2788616970e-02      27.306800      27.310400
   776   8.8021959301e-06   4.6229657947e-02   8.7981680856e-06   4.4550805482e-02      27.311900      27.317000
   777   8.8062254353e-06   4.6266856998e-02   8.8014179573e-06   4.4579526787e-02      27.311900      27.317100
   778   8.7222225098e-06   4.5491369925e-02   8.7267934357e-06   4.3920019641e-02      27.319400      27.326000
   779   8.7226800382e-06   4.5495593675e-02   8.7275518828e-06   4.3926722549e-02      27.319400      27.326000
   780   8.5896846533e-06   4.4267824509e-02   9.5395688530e-06   5.1103063281e-02      27.321700      27.328100
   781   9.5380269505e-06   5.3022605227e-02   8.6565905134e-06   4.3299589146e-02      27.324700      27.330000
   782   1.0397679645e-05   6.0958633027e-02   1.0411684700e-05   5.8810538252e-02      27.329400      27.334500
   783   1.0396638470e-05   6.0949021249e-02   1.0408673547e-05   5.8783926669e-02      27.329400      27.334500
   784   1.0953540941e-05   6.6090159664e-02   9.8179347816e-06   5.3563170428e-02      27.332700      27.339200
   785   9.9283626215e-06   5.6626054336e-02   9.8206184591e-06   5.3586887893e-02      27.334200      27.339200
   786   9.9256044751e-06   5.6600592046e-02   1.0771043954e-05   6.1986437952e-02      27.334200      27.340600
   787   8.4125662147e-06   4.2632725985e-02   8.6832388504e-06   4.3535098444e-02      27.352700      27.357900
   788   8.4136624546e-06   4.2642846107e-02   8.4415582743e-06   4.1399204459e-02      27.352700      27.359000
   789   8.6753419315e-06   4.5058584016e-02   8.4435252996e-06   4.1416588386e-02      27.354400      27.359000
   790   8.2429273590e-06   4.1066676481e-02   8.2854944428e-06   4.0019963295e-02      27.367000      27.375700
   791   8.2567996418e-06   4.1194740783e-02   8.1586417772e-06   3.8898880874e-02      27.373600      27.378700
   792   8.2569862272e-06   4.1196463277e-02   8.1606607014e-06   3.8916723466e-02      27.373700      27.378700
   793   9.0331364144e-06   4.8361623699e-02   8.9369801555e-06   4.5777581212e-02      27.399600      27.410800
   794   6.5254736925e-06   2.5211715369e-02   6.5400862277e-06   2.4594615639e-02      27.409400      27.414400
   795   6.5253510097e-06   2.5210582802e-02   6.5400860533e-06   2.4594614098e-02      27.409400      27.414400
   796   6.8957193350e-06   2.8629700016e-02   6.8913183849e-06   2.7698690712e-02      27.420500      27.423200
   797   7.6122885571e-06   3.5244828780e-02   7.2509420343e-06   3.0876927052e-02      27.435200      27.443500
   798   6.5193627230e-06   2.5155300931e-02   6.4715177270e-06   2.3988629628e-02      27.449300      27.454600
   799   6.5208405836e-06   2.5168944049e-02   6.4729099646e-06   2.4000933770e-02      27.449300      27.454700
   800   6.8054909720e-06   2.7796741775e-02   6.8406183720e-06   2.7250620559e-02      27.458700      27.462800
   801   6.8042171975e-06   2.7784982711e-02   6.8394553090e-06   2.7240341788e-02      27.458700      27.462800
   802   7.1470105230e-06   3.0949536698e-02   7.1362413201e-06   2.9863239608e-02      27.467000      27.472100
   803   7.3748297411e-06   3.3052687958e-02   7.4942856557e-06   3.3027518488e-02      27.498000      27.504700
   804   7.3752598332e-06   3.3056658425e-02   7.4947241007e-06   3.3031393322e-02      27.498000      27.504700
   805   1.0126712367e-05   5.8457153229e-02   1.0171134944e-05   5.6684638088e-02      27.509200      27.512000
   806   1.1190977009e-05   6.8282090480e-02   1.1133354568e-05   6.5188420811e-02      27.532000      27.538600
   807   7.4390460481e-06   3.3645511549e-02   7.4577134017e-06   3.2704304854e-02      27.536000      27.540700
   808   7.4407266979e-06   3.3661026749e-02   7.4597448838e-06   3.2722258430e-02      27.536000      27.540800
   809   1.0042867320e-05   5.7683123635e-02   1.0048916243e-05   5.5604509130e-02      27.558900      27.564900
   810   9.1495200033e-06   4.9436038288e-02   9.2153900032e-06   4.8238076502e-02      27.562600      27.568700
   811   9.1503798201e-06   4.9443975831e-02   9.2164735583e-06   4.8247652607e-02      27.562600      27.568700
   812   9.0868188040e-06   4.8857201667e-02   9.0882735934e-06   4.7114663195e-02      27.573100      27.579000
   813   9.0843218406e-06   4.8834150532e-02   9.0868767889e-06   4.7102318694e-02      27.573100      27.579000
   814   9.6309057118e-06   5.3880031064e-02   9.6282864297e-06   5.1887120244e-02      27.576200      27.579900
   815   9.6118068014e-06   5.3703716275e-02   9.5143217930e-06   5.0879938012e-02      27.581500      27.585400
   816   9.6086320217e-06   5.3674407764e-02   9.5120618829e-06   5.0859965664e-02      27.581500      27.585400
   817   9.2201003830e-06   5.0087612882e-02   9.4371944814e-06   5.0198312026e-02      27.600200      27.609900
   818   8.3901973109e-06   4.2426223704e-02   8.3429472585e-06   4.0527712513e-02      27.607700      27.613200
   819   8.3886168916e-06   4.2411633798e-02   8.3401787634e-06   4.0503245458e-02      27.607700      27.613200
   820   9.7885055367e-06   5.5334940239e-02   9.7646757722e-06   5.3092484701e-02      27.632300      27.638600
   821   9.3210674376e-06   5.1019707154e-02   9.3335510403e-06   4.9282345150e-02      27.646300      27.652800
   822   9.3221907668e-06   5.1030077356e-02   9.3341432384e-06   4.9287578802e-02      27.646300      27.652800
   823   1.0394608940e-05   6.0930285295e-02   1.0405066425e-05   5.8752048100e-02      27.656700      27.660800
   824   1.0004522633e-05   5.7329138232e-02   1.0070924931e-05   5.5799014724e-02      27.658300      27.665700
   825   9.5816041354e-06   5.3424895307e-02   9.4842369917e-06   5.0614058365e-02      27.664300      27.669700
   826   9.5829400058e-06   5.3437227618e-02   9.4856967480e-06   5.0626959215e-02      27.664300      27.669700
   827   1.2309435500e-05   7.8607327333e-02   1.2491836192e-05   7.7194237642e-02      27.705100      27.720100
   828   1.1684104083e-05   7.2834475636e-02   1.1633056156e-05   6.9604620217e-02      27.748200      27.760400
   829   1.1683735018e-05   7.2831068557e-02   1.1632592471e-05   6.9600522320e-02      27.748200      27.760500
   830   9.9957961449e-06   5.7248578200e-02   1.0576106228e-05   6.0263642005e-02      27.761300      27.770500
   831   9.9920483568e-06   5.7213979866e-02   1.0567666203e-05   6.0189051827e-02      27.761400      27.770500
   832   1.0910869595e-05   6.5696231982e-02   1.0726289084e-05   6.1590909029e-02      27.919900      27.931900
   833   1.0909159489e-05   6.5680444850e-02   1.0724406315e-05   6.1574269732e-02      27.919900      27.932000
   834   1.0791795065e-05   6.4596975519e-02   1.0861104529e-05   6.2782363893e-02      27.925200      27.935800
   835   1.0469734584e-05   6.1623820266e-02   1.0347068619e-05   5.8239482440e-02      27.969800      27.975900
   836   1.1143990309e-05   6.7848324889e-02   1.1073556819e-05   6.4659947841e-02      28.024100      28.032700
   837   9.4566667692e-06   5.2271515089e-02   9.4946867832e-06   5.0706410209e-02      28.062000      28.071700
   838   9.4569761878e-06   5.2274371539e-02   9.4951328394e-06   5.0710352308e-02      28.062000      28.071800
   839   8.8080905646e-06   4.6284075252e-02   8.8455553900e-06   4.4969598999e-02      28.092600      28.096900
   840   8.8083823865e-06   4.6286769254e-02   8.8458855609e-06   4.4972516941e-02      28.092700      28.096900
   841   8.6588797869e-06   4.4906610972e-02   8.7042427580e-06   4.3720724118e-02      28.120700      28.125500
   842   8.6586200341e-06   4.4904213021e-02   8.7041123261e-06   4.3719571404e-02      28.120700      28.125500
   843   8.9006202594e-06   4.7138278624e-02   8.9608173691e-06   4.5988246719e-02      28.127200      28.134200
   844   1.0006623952e-05   5.7348536917e-02   1.0221926746e-05   5.7133519441e-02      28.175600      28.189600
   845   1.0008906281e-05   5.7369606612e-02   1.0224414266e-05   5.7155503332e-02      28.175600      28.189600
   846   1.6046304865e-05   1.1310486262e-01   1.6678879205e-05   1.1419795607e-01      28.243800      28.255900
   847   7.4517416986e-06   3.3762713573e-02   7.2862843729e-06   3.1189271096e-02      28.273700      28.286400
   848   5.6849383827e-06   1.7452172908e-02   5.6581916802e-06   1.6800719705e-02      28.350500      28.359100
   849   6.3231174232e-06   2.3343629585e-02   6.3059321983e-06   2.2525238815e-02      28.363600      28.367600
   850   6.3231514151e-06   2.3343943386e-02   6.3055765339e-06   2.2522095570e-02      28.363600      28.367600
   851   6.2777431116e-06   2.2924749029e-02   6.0431728398e-06   2.0203057437e-02      28.367600      28.372700
   852   6.8957833448e-06   2.8630290934e-02   6.9853924772e-06   2.8530086810e-02      28.422200      28.428000
   853   6.8954519178e-06   2.8627231309e-02   6.9841961377e-06   2.8519513952e-02      28.422200      28.428000
   854   7.2877425716e-06   3.2248728170e-02   7.1481551524e-06   2.9968530166e-02      28.423500      28.433500
   855   3.3028305716e-05   2.6987704714e-01   3.3612671622e-05   2.6385328192e-01      29.008400      29.067200
   856   8.9797979891e-06   4.7869221093e-02   8.9545905563e-06   4.5933216182e-02      29.780600      29.795300
   857   8.6314708951e-06   4.4653581198e-02   8.5892674285e-06   4.2704609713e-02      29.836200      29.841000
   858   8.6314575867e-06   4.4653458338e-02   8.5892705148e-06   4.2704636989e-02      29.836300      29.841000
   859   9.1513267493e-06   4.9452717566e-02   9.0881563351e-06   4.7113626905e-02      29.906800      29.917500
   860   9.1518932950e-06   4.9457947727e-02   9.0888125445e-06   4.7119426269e-02      29.906800      29.917500
