# k-point: 0.000000  0.000000  0.000000
# band     ipr_up            ipr_norm_up       ipr_dw            ipr_norm_dw       Energy_up(eV)   Energy_dw(eV)
     1   2.1125644393e-06   0.0000000000e+00   2.1125654874e-06   0.0000000000e+00      -8.249400      -8.249400
     2   2.2999144445e-05   1.7376304266e-01   2.2999185871e-05   1.7372504225e-01      -7.446000      -7.446000
     3   4.0181280020e-06   1.5853075159e-02   4.0181132554e-06   1.5849446221e-02      -7.229500      -7.229500
     4   4.0174967056e-06   1.5847823175e-02   4.0174714070e-06   1.5844107629e-02      -7.229400      -7.229400
     5   3.9109272897e-06   1.4961233511e-02   3.9109263449e-06   1.4957916131e-02      -7.202700      -7.202700
     6   3.9107699195e-06   1.4959924291e-02   3.9107781146e-06   1.4956683221e-02      -7.202700      -7.202700
     7   4.2830678764e-06   1.8057206169e-02   4.2830673770e-06   1.8053209450e-02      -7.163500      -7.163500
     8   1.6766026161e-05   1.2190746851e-01   1.6766037112e-05   1.2188065519e-01      -6.578800      -6.578800
     9   5.6959637126e-06   2.9811599632e-02   5.6959349087e-06   2.9804774189e-02      -6.249800      -6.249800
    10   5.6949465018e-06   2.9803137086e-02   5.6948807656e-06   2.9796006325e-02      -6.249700      -6.249700
    11   5.6304668126e-06   2.9266707140e-02   5.6304769858e-06   2.9260326106e-02      -6.210000      -6.210000
    12   5.6301299158e-06   2.9263904373e-02   5.6301277257e-06   2.9257421126e-02      -6.209900      -6.209900
    13   5.0936028318e-06   2.4800340756e-02   5.0936511608e-06   2.4795262472e-02      -6.200100      -6.200100
    14   5.0881368267e-06   2.4754867075e-02   5.0881311757e-06   2.4749349843e-02      -6.200100      -6.200100
    15   6.4677765778e-06   3.6232591090e-02   6.4677452447e-06   3.6224327988e-02      -6.197800      -6.197800
    16   5.6783888580e-06   2.9665388035e-02   5.6785538704e-06   2.9660206922e-02      -6.197300      -6.197300
    17   5.6956031156e-06   2.9808599695e-02   5.6957527093e-06   2.9803258740e-02      -6.197300      -6.197300
    18   4.4433843174e-06   1.9390936851e-02   4.4433897486e-06   1.9386695206e-02      -6.196500      -6.196500
    19   5.0778228231e-06   2.4669061135e-02   5.0778238753e-06   2.4663618587e-02      -6.059600      -6.059600
    20   8.8217399523e-06   5.5816067091e-02   8.8217438669e-06   5.5803776581e-02      -5.453000      -5.453000
    21   5.8847081942e-06   3.1381833505e-02   5.8847387956e-06   3.1375155735e-02      -5.241700      -5.241700
    22   4.1237692654e-06   1.6731943186e-02   4.1236706101e-06   1.6727422435e-02      -5.241400      -5.241400
    23   4.1250552056e-06   1.6742641390e-02   4.1254561231e-06   1.6742273489e-02      -5.241300      -5.241300
    24   4.1076871566e-06   1.6598150283e-02   4.1066346489e-06   1.6585725357e-02      -5.220900      -5.220900
    25   4.0987002564e-06   1.6523384998e-02   4.0969765154e-06   1.6505393565e-02      -5.220900      -5.220900
    26   3.7371296085e-06   1.3515347498e-02   3.7371312006e-06   1.3512370215e-02      -5.220400      -5.220400
    27   5.0924267232e-06   2.4790556282e-02   5.0924269399e-06   2.4785079980e-02      -5.099500      -5.099500
    28   1.0421645379e-05   6.9126261241e-02   1.0421649678e-05   6.9111037378e-02      -4.481400      -4.481400
    29   4.1924521966e-06   1.7303341429e-02   4.1924509538e-06   1.7299504845e-02      -4.240200      -4.240200
    30   4.1922684840e-06   1.7301813057e-02   4.1922628769e-06   1.7297940510e-02      -4.240200      -4.240200
    31   4.2002973596e-06   1.7368608188e-02   4.2002962487e-06   1.7364758302e-02      -4.225900      -4.225900
    32   4.2003519897e-06   1.7369062675e-02   4.2004013605e-06   1.7365632573e-02      -4.225900      -4.225900
    33   5.1271102975e-06   2.5079101529e-02   5.1271101760e-06   2.5073558755e-02      -4.126900      -4.126900
    34   9.3089071740e-06   5.9868988091e-02   9.3089052295e-06   5.9855754677e-02      -3.846800      -3.846800
    35   6.9126076414e-06   3.9933302220e-02   6.9126903624e-06   3.9925171300e-02      -3.374300      -3.374300
    36   6.9112238689e-06   3.9921790114e-02   6.9111569876e-06   3.9912417413e-02      -3.374200      -3.374200
    37   6.5223727633e-06   3.6686796581e-02   6.5223499465e-06   3.6678504104e-02      -3.340500      -3.340500
    38   6.5216631628e-06   3.6680893157e-02   6.5216569723e-06   3.6672740272e-02      -3.340500      -3.340500
    39   6.1100264288e-06   3.3256337708e-02   6.1099969769e-06   3.3248746884e-02      -3.312600      -3.312600
    40   6.1094343699e-06   3.3251412154e-02   6.1094359536e-06   3.3244080557e-02      -3.312600      -3.312600
    41   7.8699256286e-06   4.7897578143e-02   7.8699288263e-06   4.7887028677e-02      -3.302900      -3.302900
    42   7.6904410647e-06   4.6404380888e-02   7.6904018568e-06   4.6393808147e-02      -3.299400      -3.299400
    43   7.6899717020e-06   4.6400476089e-02   7.6899626047e-06   4.6390154656e-02      -3.299400      -3.299400
    44   7.1138650624e-06   4.1607635779e-02   7.1138468141e-06   4.1598295647e-02      -3.294000      -3.294000
    45   7.1160176247e-06   4.1625543726e-02   7.1160262471e-06   4.1616423140e-02      -3.294000      -3.294000
    46   6.8986721060e-06   3.9817367442e-02   6.8986547348e-06   3.9808429580e-02      -3.290500      -3.290500
    47   7.3263552086e-06   4.3375418457e-02   7.3263688201e-06   4.3365953304e-02      -3.285000      -3.285000
    48   6.3450691010e-06   3.5211743038e-02   6.3449312919e-06   3.5202819541e-02      -3.284500      -3.284500
    49   6.3474812407e-06   3.5231810504e-02   6.3475493996e-06   3.5224595724e-02      -3.284400      -3.284400
    50   7.0887964384e-06   4.1399080794e-02   7.0887795064e-06   4.1389797622e-02      -3.279500      -3.279500
    51   7.0865199794e-06   4.1380142105e-02   7.0865594287e-06   4.1371332064e-02      -3.279500      -3.279500
    52   7.3281734698e-06   4.3390545232e-02   7.3281527239e-06   4.3380790973e-02      -3.272700      -3.272700
    53   6.2152478858e-06   3.4131713213e-02   6.2152289921e-06   3.4124017078e-02      -3.269200      -3.269200
    54   7.1565072255e-06   4.1962391417e-02   7.1564583097e-06   4.1952717939e-02      -3.267500      -3.267500
    55   7.0621342302e-06   4.1177268203e-02   7.0620982313e-06   4.1167875378e-02      -3.255100      -3.255100
    56   7.0632425488e-06   4.1186488708e-02   7.0632919494e-06   4.1177804162e-02      -3.255100      -3.255100
    57   6.2678015381e-06   3.4568926127e-02   6.2678004687e-06   3.4561281788e-02      -2.976100      -2.976100
    58   6.8476040091e-06   3.9392513401e-02   6.8476052136e-06   3.9383823776e-02      -2.795000      -2.795000
    59   6.3757814118e-06   3.5467249902e-02   6.3757438678e-06   3.5459103993e-02      -2.581800      -2.581800
    60   6.3755392751e-06   3.5465235479e-02   6.3754036898e-06   3.5456274553e-02      -2.581700      -2.581700
    61   6.0782050761e-06   3.2991604321e-02   6.0782041351e-06   3.2984309043e-02      -2.536500      -2.536500
    62   6.2847323209e-06   3.4709779457e-02   6.2845550128e-06   3.4700638171e-02      -2.527400      -2.527400
    63   6.2823623710e-06   3.4690062983e-02   6.2825012744e-06   3.4683556145e-02      -2.527400      -2.527400
    64   6.1721926938e-06   3.3773521438e-02   6.1721100603e-06   3.3765374171e-02      -2.520800      -2.520800
    65   6.1655555683e-06   3.3718304781e-02   6.1655526780e-06   3.3710832963e-02      -2.520800      -2.520800
    66   6.2970481339e-06   3.4812239177e-02   6.2972303352e-06   3.4806065515e-02      -2.517400      -2.517400
    67   6.2931990256e-06   3.4780217048e-02   6.2932809611e-06   3.4773216487e-02      -2.517400      -2.517400
    68   8.3970585913e-06   5.2282988654e-02   8.3970506642e-06   5.2271379131e-02      -2.513200      -2.513200
    69   5.6503679013e-06   2.9432271522e-02   5.6503681271e-06   2.9425771224e-02      -2.504300      -2.504300
    70   5.4616470311e-06   2.7862234082e-02   5.4616784483e-06   2.7856339606e-02      -2.495100      -2.495100
    71   5.4644481621e-06   2.7885537708e-02   5.4644887904e-06   2.7879714704e-02      -2.495100      -2.495100
    72   6.0984829428e-06   3.3160303256e-02   6.0985133552e-06   3.3153231543e-02      -2.483300      -2.483300
    73   6.1079191342e-06   3.3238806359e-02   6.1079456070e-06   3.3231684558e-02      -2.483300      -2.483300
    74   7.4649923338e-06   4.4528791038e-02   7.4650020268e-06   4.4519038832e-02      -2.480000      -2.480000
    75   5.9689303815e-06   3.2082508461e-02   5.9690211070e-06   3.2076176190e-02      -2.477800      -2.477800
    76   5.9559795246e-06   3.1974765579e-02   5.9560805821e-06   3.1968543017e-02      -2.477700      -2.477700
    77   5.7440256917e-06   3.0211444687e-02   5.7440246771e-06   3.0204762166e-02      -2.474200      -2.474200
    78   5.8182945744e-06   3.0829314488e-02   5.8182935491e-06   3.0822495562e-02      -2.455800      -2.455800
    79   7.2455971433e-06   4.2703562790e-02   7.2455893325e-06   4.2694067684e-02      -2.452700      -2.452700
    80   7.2498999539e-06   4.2739359433e-02   7.2496664964e-06   4.2727979607e-02      -2.452700      -2.452700
    81   6.5486824838e-06   3.6905676698e-02   6.5486818815e-06   3.6897520701e-02      -1.820100      -1.820100
    82   8.5513726871e-06   5.3566783645e-02   8.5513758258e-06   5.3554982927e-02      -1.050100      -1.050100
    83   7.0546817479e-06   4.1115268297e-02   7.0546412893e-06   4.1105852057e-02      -0.879600      -0.879600
    84   7.0556637606e-06   4.1123438017e-02   7.0556773416e-06   4.1114469451e-02      -0.879600      -0.879600
    85   6.0552845636e-06   3.2800920255e-02   6.0552129675e-06   3.2793079371e-02      -0.861600      -0.861600
    86   6.0542312025e-06   3.2792156962e-02   6.0543032022e-06   3.2785512374e-02      -0.861600      -0.861600
    87   7.0420723104e-06   4.1010365808e-02   7.0420722177e-06   4.1001308457e-02      -0.848100      -0.848100
    88   5.9840592911e-06   3.2208371353e-02   5.9841931229e-06   3.2202369851e-02      -0.841800      -0.841800
    89   5.9845773453e-06   3.2212681234e-02   5.9844719644e-06   3.2204689123e-02      -0.841800      -0.841800
    90   7.5094943411e-06   4.4899019395e-02   7.5094987193e-06   4.4889141301e-02      -0.829300      -0.829300
    91   6.1364543684e-06   3.3476201333e-02   6.1364991032e-06   3.3469179051e-02      -0.813300      -0.813300
    92   6.1352977118e-06   3.3466578687e-02   6.1352779708e-06   3.3459022249e-02      -0.813300      -0.813300
    93   6.6287631342e-06   3.7571896705e-02   6.6287628990e-06   3.7563596777e-02      -0.524700      -0.524700
    94   6.9352436613e-06   4.0121619488e-02   6.9352452216e-06   4.0112771965e-02       0.319600       0.319600
    95   4.9177368156e-06   2.3337247514e-02   4.9177312183e-06   2.3332043488e-02       0.415100       0.415100
    96   4.9163411315e-06   2.3325636311e-02   4.9163357339e-06   2.3320436508e-02       0.415200       0.415200
    97   4.7839277493e-06   2.2224041307e-02   4.7839181534e-06   2.2219049623e-02       0.457000       0.457000
    98   4.7852737823e-06   2.2235239444e-02   4.7852654100e-06   2.2230255467e-02       0.457000       0.457000
    99   6.0133865082e-06   3.2452355120e-02   6.0133855732e-06   3.2445178864e-02       0.542500       0.542500
   100   7.3682895176e-06   4.3724285199e-02   7.3682903159e-06   4.3714636504e-02       0.719000       0.719000
   101   8.2956419967e-06   5.1439267180e-02   8.2956344210e-06   5.1427846725e-02       0.879700       0.879700
   102   8.2948276763e-06   5.1432492553e-02   8.2948345788e-06   5.1421194016e-02       0.879700       0.879700
   103   7.7431051147e-06   4.6842512242e-02   7.7430363228e-06   4.6831596772e-02       0.925000       0.925000
   104   7.7398093493e-06   4.6815093572e-02   7.7398091433e-06   4.6804754618e-02       0.925000       0.925000
   105   6.4939266571e-06   3.6450143095e-02   6.4938639512e-06   3.6441571051e-02       0.938500       0.938500
   106   6.4872618471e-06   3.6394696121e-02   6.4868769397e-06   3.6383456389e-02       0.938600       0.938600
   107   7.6803756384e-06   4.6320642952e-02   7.6803763021e-06   4.6310420319e-02       0.945900       0.945900
   108   7.0012230303e-06   4.0670525815e-02   7.0011954089e-06   4.0661314470e-02       0.964900       0.964900
   109   7.0033591779e-06   4.0688297203e-02   7.0033289686e-06   4.0679060412e-02       0.964900       0.964900
   110   6.2818803414e-06   3.4686052804e-02   6.2818952852e-06   3.4678515813e-02       0.985100       0.985100
   111   6.2801354433e-06   3.4671536363e-02   6.2801613933e-06   3.4664094119e-02       0.985200       0.985200
   112   7.5002067744e-06   4.4821752756e-02   7.5002060179e-06   4.4811849001e-02       0.987700       0.987700
   113   7.5341473183e-06   4.5104116463e-02   7.5341431396e-06   4.5094121948e-02       0.987800       0.987800
   114   6.7979252757e-06   3.8979217981e-02   6.7979246611e-06   3.8970604408e-02       1.002500       1.002500
   115   6.7926385131e-06   3.8935235483e-02   6.7926109297e-06   3.8926407300e-02       1.002500       1.002500
   116   7.5709517469e-06   4.5410305869e-02   7.5709290915e-06   4.5400090120e-02       1.004500       1.004500
   117   8.1274724152e-06   5.0040203372e-02   8.1275208954e-06   5.0029557831e-02       1.013800       1.013800
   118   7.2066628819e-06   4.2379654533e-02   7.2062895677e-06   4.2367190804e-02       1.014300       1.014300
   119   7.1468105849e-06   4.1881721542e-02   7.1470974548e-06   4.1874858769e-02       1.014400       1.014400
   120   7.6442924221e-06   4.6020453574e-02   7.6442935853e-06   4.6010301324e-02       1.020200       1.020200
   121   7.2501118462e-06   4.2741122242e-02   7.2501284508e-06   4.2731821926e-02       1.025200       1.025200
   122   7.2594834673e-06   4.2819088161e-02   7.2594794535e-06   4.2809599149e-02       1.025300       1.025300
   123   6.7751714256e-06   3.8789920440e-02   6.7751715455e-06   3.8781354740e-02       1.038200       1.038200
   124   6.2087340194e-06   3.4077521993e-02   6.2087362180e-06   3.4070013250e-02       1.171300       1.171300
   125   5.9700525061e-06   3.2091843822e-02   5.9700557652e-06   3.2084781988e-02       1.174000       1.174000
   126   5.9710568984e-06   3.2100199727e-02   5.9710836678e-06   3.2093331596e-02       1.174000       1.174000
   127   5.0727896497e-06   2.4627188338e-02   5.0727909036e-06   2.4621756706e-02       1.179300       1.179300
   128   5.5685232666e-06   2.8751376290e-02   5.5685386475e-06   2.8745152266e-02       1.183600       1.183600
   129   5.3386567612e-06   2.6839033370e-02   5.3385432512e-06   2.6832159201e-02       1.186800       1.186800
   130   5.3605951255e-06   2.7021546589e-02   5.3606043310e-06   2.7015652842e-02       1.186800       1.186800
   131   5.1400498119e-06   2.5186750048e-02   5.1400466290e-06   2.5181158061e-02       1.202000       1.202000
   132   5.1255092937e-06   2.5065782198e-02   5.1255563315e-06   2.5060634610e-02       1.202100       1.202100
   133   5.4071880861e-06   2.7409170345e-02   5.4072018392e-06   2.7403228904e-02       1.202400       1.202400
   134   5.1706390582e-06   2.5441233095e-02   5.1706371296e-06   2.5435595394e-02       1.205700       1.205700
   135   5.1735933253e-06   2.5465810715e-02   5.1736244955e-06   2.5460442893e-02       1.205700       1.205700
   136   5.1686277739e-06   2.5424500490e-02   5.1686375150e-06   2.5418963545e-02       1.220500       1.220500
   137   5.1685887980e-06   2.5424176235e-02   5.1685931385e-06   2.5418594442e-02       1.220500       1.220500
   138   4.8919910053e-06   2.3123058770e-02   4.8919966062e-06   2.3117995141e-02       1.227400       1.227400
   139   5.0837883404e-06   2.4718690439e-02   5.0837209796e-06   2.4712667915e-02       1.229300       1.229300
   140   5.1026895978e-06   2.4875936862e-02   5.1027314963e-06   2.4870788413e-02       1.229300       1.229300
   141   5.4605962246e-06   2.7853492040e-02   5.4605947107e-06   2.7847325589e-02       1.232100       1.232100
   142   4.9144795353e-06   2.3310149016e-02   4.9144634195e-06   2.3304863481e-02       1.237200       1.237200
   143   4.9214701972e-06   2.3368306871e-02   4.9214815594e-06   2.3363237054e-02       1.237300       1.237300
   144   5.8969993300e-06   3.1484087926e-02   5.8970005832e-06   3.1477143493e-02       1.318100       1.318100
   145   6.0226846936e-06   3.2529710100e-02   6.0226926409e-06   3.2522590656e-02       1.455100       1.455100
   146   6.0224665522e-06   3.2527895302e-02   6.0224805887e-06   3.2520826906e-02       1.455200       1.455200
   147   6.8766371641e-06   3.9634050759e-02   6.8766381392e-06   3.9625305938e-02       1.986600       1.986600
   148   6.8903106533e-06   3.9747805480e-02   6.8903022002e-06   3.9738957142e-02       2.206900       2.206900
   149   6.8898313221e-06   3.9743817750e-02   6.8898060900e-06   3.9734830732e-02       2.206900       2.206900
   150   6.0329512118e-06   3.2615120992e-02   6.0329617048e-06   3.2608003879e-02       2.213200       2.213200
   151   7.4814395349e-06   4.4665621276e-02   7.4814396030e-06   4.4655758826e-02       2.243300       2.243300
   152   6.7501350733e-06   3.8581633935e-02   6.7501396713e-06   3.8573151435e-02       2.261700       2.261700
   153   6.7502455582e-06   3.8582553099e-02   6.7501845686e-06   3.8573524869e-02       2.276000       2.276000
   154   6.7512403933e-06   3.8590829493e-02   6.7512439900e-06   3.8582336636e-02       2.276100       2.276100
   155   6.3264463086e-06   3.5056813266e-02   6.3264417140e-06   3.5049031966e-02       2.279700       2.279700
   156   6.3299857354e-06   3.5086259043e-02   6.3300864043e-06   3.5079346778e-02       2.279700       2.279700
   157   6.7487720495e-06   3.8570294445e-02   6.7488392634e-06   3.8562335256e-02       2.347300       2.347300
   158   6.7489416972e-06   3.8571705806e-02   6.7489588207e-06   3.8563329677e-02       2.347300       2.347300
   159   7.3326755616e-06   4.3427999769e-02   7.3326762888e-06   4.3418415849e-02       3.300700       3.300700
   160   5.4180937139e-06   2.7499898222e-02   5.4180962490e-06   2.7493843458e-02       3.737200       3.737200
   161   7.2835856057e-06   4.3019602601e-02   7.2835823486e-06   4.3010075645e-02       3.747800       3.747800
   162   7.2845386342e-06   4.3027531192e-02   7.2845945718e-06   4.3018494840e-02       3.747800       3.747800
   163   5.3298700046e-06   2.6765933152e-02   5.3298680151e-06   2.6760002685e-02       3.786800       3.786800
   164   4.9206834721e-06   2.3361761819e-02   4.9206860356e-06   2.3356620263e-02       3.816600       3.816600
   165   4.9225140326e-06   2.3376990916e-02   4.9225257786e-06   2.3371922376e-02       3.816600       3.816600
   166   5.8778914154e-06   3.1325122247e-02   5.8778917815e-06   3.1318205507e-02       3.827400       3.827400
   167   4.9519041587e-06   2.3621498046e-02   4.9518986495e-06   2.3616232041e-02       3.835000       3.835000
   168   5.0019225764e-06   2.4037619424e-02   5.0019390063e-06   2.4032444092e-02       3.838000       3.838000
   169   4.9836127847e-06   2.3885293619e-02   4.9835300827e-06   2.3879327361e-02       3.838000       3.838000
   170   6.1705950026e-06   3.3760229665e-02   6.1705951557e-06   3.3752773911e-02       3.841000       3.841000
   171   6.4520572316e-06   3.6101816142e-02   6.4520804018e-06   3.6094035224e-02       3.850400       3.850400
   172   5.8610202931e-06   3.1184765255e-02   5.8610354018e-06   3.1178002103e-02       3.850700       3.850700
   173   5.8795593594e-06   3.1338998478e-02   5.8795204291e-06   3.1331751828e-02       3.850700       3.850700
   174   5.4493016373e-06   2.7759528268e-02   5.4493019233e-06   2.7753397517e-02       3.856700       3.856700
   175   5.4527579776e-06   2.7788282818e-02   5.4527579745e-06   2.7782143318e-02       3.856800       3.856800
   176   7.8512376003e-06   4.7742105650e-02   7.8512144723e-06   4.7731371521e-02       3.997200       3.997200
   177   7.8272160000e-06   4.7542261236e-02   7.8279900954e-06   4.7538202124e-02       3.997200       3.997200
   178   7.8840544848e-06   4.8015121227e-02   7.8840550435e-06   4.8004523879e-02       3.999100       3.999100
   179   6.1153186399e-06   3.3300365534e-02   6.1153183553e-06   3.3293007595e-02       4.014100       4.014100
   180   8.6728203757e-06   5.4577151062e-02   8.6728260703e-06   5.4565148692e-02       4.388900       4.388900
   181   8.6714775567e-06   5.4565979664e-02   8.6714800357e-06   5.4553953012e-02       4.389000       4.389000
   182   6.1390315879e-06   3.3497642157e-02   6.1390339282e-06   3.3490262529e-02       4.401000       4.401000
   183   7.2359568579e-06   4.2623361755e-02   7.2358415397e-06   4.2612990148e-02       4.446800       4.446800
   184   7.2283085156e-06   4.2559732419e-02   7.2281830596e-06   4.2549290528e-02       4.446800       4.446800
   185   6.7243273081e-06   3.8366929766e-02   6.7243286155e-06   3.8358467265e-02       4.448800       4.448800
   186   7.6364377541e-06   4.5955107739e-02   7.6364393110e-06   4.5944973181e-02       4.463100       4.463100
   187   7.8638287042e-06   4.7846855615e-02   7.8638691097e-06   4.7836626816e-02       4.484000       4.484000
   188   7.8591738784e-06   4.7808130430e-02   7.8591142233e-06   4.7797077918e-02       4.484000       4.484000
   189   7.7991178721e-06   4.7308502707e-02   7.7990395149e-06   4.7297404870e-02       4.488800       4.488800
   190   7.7885165084e-06   4.7220306113e-02   7.7885312040e-06   4.7210001704e-02       4.488900       4.488900
   191   7.9878051785e-06   4.8878260918e-02   7.9878098311e-06   4.8867507192e-02       4.498800       4.498800
   192   7.5117900372e-06   4.4918118125e-02   7.5117767859e-06   4.4908089184e-02       4.512700       4.512700
   193   7.5045111746e-06   4.4857562624e-02   7.5045203042e-06   4.4847733196e-02       4.512800       4.512800
   194   7.6738134899e-06   4.6266050056e-02   7.6738402172e-06   4.6256056252e-02       4.513900       4.513900
   195   7.6767330131e-06   4.6290338630e-02   7.6767945747e-06   4.6280629202e-02       4.514000       4.514000
   196   1.0010094605e-05   6.5702420917e-02   1.0010093862e-05   6.5687910504e-02       4.516000       4.516000
   197   6.8985484992e-06   3.9816339111e-02   6.8985512251e-06   3.9807568635e-02       4.522500       4.522500
   198   6.9028318571e-06   3.9851973921e-02   6.9028454825e-06   3.9843286240e-02       4.522500       4.522500
   199   8.2097505667e-06   5.0724705188e-02   8.2097486644e-06   5.0713489571e-02       4.527200       4.527200
   200   8.7104266208e-06   5.4890011070e-02   8.7104271044e-06   5.4877896332e-02       4.551500       4.551500
   201   8.3886490501e-06   5.2213026627e-02   8.3886873406e-06   5.2201816956e-02       4.675200       4.675200
   202   8.3892766560e-06   5.2218247908e-02   8.3893648382e-06   5.2207452061e-02       4.675300       4.675300
   203   7.6292445230e-06   4.5895264638e-02   7.6292587704e-06   4.5885248836e-02       5.246900       5.246900
   204   7.6294166185e-06   4.5896696363e-02   7.6294157244e-06   4.5886554305e-02       5.246900       5.246900
   205   5.6971101321e-06   2.9821137112e-02   5.6971099474e-06   2.9814547605e-02       5.315600       5.315600
   206   5.6032538088e-06   2.9040312280e-02   5.6032543986e-06   2.9033901485e-02       5.331800       5.331800
   207   5.8346424855e-06   3.0965318696e-02   5.8346405953e-06   3.0958462570e-02       5.369400       5.369400
   208   5.8335220765e-06   3.0955997606e-02   5.8335200571e-06   3.0949142463e-02       5.369500       5.369500
   209   5.6894284926e-06   2.9757230763e-02   5.6894283344e-06   2.9750655577e-02       5.378400       5.378400
   210   5.4405221791e-06   2.7686488768e-02   5.4405504303e-06   2.7680606732e-02       5.388600       5.388600
   211   5.4415744109e-06   2.7695242666e-02   5.4416081818e-06   2.7689404610e-02       5.388700       5.388700
   212   5.4350465188e-06   2.7640934762e-02   5.4350465350e-06   2.7634827931e-02       5.400200       5.400200
   213   5.3202726209e-06   2.6686089032e-02   5.3202626061e-06   2.6680109430e-02       5.411900       5.411900
   214   5.3220796424e-06   2.6701122300e-02   5.3220899875e-06   2.6695308725e-02       5.412000       5.412000
   215   5.0767096214e-06   2.4659800006e-02   5.0767101766e-06   2.4654355367e-02       5.413700       5.413700
   216   5.1919383055e-06   2.5618429266e-02   5.1919580129e-06   2.5612932431e-02       5.418600       5.418600
   217   5.1936516619e-06   2.5632683300e-02   5.1936157579e-06   2.5626720771e-02       5.418700       5.418700
   218   5.3271214598e-06   2.6743067010e-02   5.3270162875e-06   2.6736283362e-02       5.426100       5.426100
   219   5.3352426878e-06   2.6810630455e-02   5.3352002633e-06   2.6804353807e-02       5.426200       5.426200
   220   5.6662361553e-06   2.9564285289e-02   5.6662348227e-06   2.9557742903e-02       5.427200       5.427200
   221   5.6286316703e-06   2.9251439925e-02   5.6286402606e-06   2.9245049094e-02       5.434400       5.434400
   222   5.6251018256e-06   2.9222073865e-02   5.6251023248e-06   2.9215622215e-02       5.434500       5.434500
   223   5.7829984737e-06   3.0535673410e-02   5.7829981083e-06   3.0528924758e-02       5.445500       5.445500
   224   4.8394325414e-06   2.2685805826e-02   4.8394328712e-06   2.2680794822e-02       5.551300       5.551300
   225   4.9003856147e-06   2.3192896573e-02   4.9003910923e-06   2.3187816511e-02       5.565800       5.565800
   226   4.9007587525e-06   2.3196000842e-02   4.9007345969e-06   2.3190673620e-02       5.565900       5.565900
   227   1.3480110952e-05   9.4570746821e-02   1.3480109509e-05   9.4549861540e-02       5.614300       5.614300
   228   5.9274343397e-06   3.1737287822e-02   5.9274358699e-06   3.1730289831e-02       5.797900       5.797900
   229   5.9271284068e-06   3.1734742655e-02   5.9271394406e-06   3.1727824272e-02       5.797900       5.797900
   230   8.1853587232e-06   5.0521780586e-02   8.1853571323e-06   5.0510612329e-02       5.821600       5.821600
   231   5.5323951000e-06   2.8450812954e-02   5.5323903843e-06   2.8444488087e-02       5.857200       5.857200
   232   5.5320996295e-06   2.8448354828e-02   5.5321160043e-06   2.8442205925e-02       5.857200       5.857200
   233   5.5107524681e-06   2.8270760042e-02   5.5107510433e-06   2.8264502271e-02       5.875900       5.875900
   234   5.5106832239e-06   2.8270183974e-02   5.5106925697e-06   2.8264015915e-02       5.875900       5.875900
   235   5.7061340191e-06   2.9896210104e-02   5.7061333395e-06   2.9889599919e-02       5.888100       5.888100
   236   5.3920689766e-06   2.7283388984e-02   5.3920764737e-06   2.7277423258e-02       5.891000       5.891000
   237   5.3923610223e-06   2.7285818618e-02   5.3923509825e-06   2.7279706493e-02       5.891000       5.891000
   238   6.7904543245e-06   3.8917064425e-02   6.7904561506e-06   3.8908484866e-02       5.894500       5.894500
   239   5.6782745257e-06   2.9664436863e-02   5.6782767097e-06   2.9657901630e-02       5.897500       5.897500
   240   5.4944283732e-06   2.8134953969e-02   5.4944947852e-06   2.8129290395e-02       5.900200       5.900200
   241   5.4935850896e-06   2.8127938387e-02   5.4936215482e-06   2.8122027222e-02       5.900200       5.900200
   242   5.8495950298e-06   3.1089714340e-02   5.8495955438e-06   3.1082850768e-02       5.906000       5.906000
   243   5.5288834847e-06   2.8421598552e-02   5.5288751111e-06   2.8415249706e-02       5.909800       5.909800
   244   5.5295424575e-06   2.8427080786e-02   5.5295363300e-06   2.8420749412e-02       5.909800       5.909800
   245   5.6608682817e-06   2.9519628000e-02   5.6609191761e-06   2.9513529865e-02       5.916100       5.916100
   246   5.6608891793e-06   2.9519801854e-02   5.6608858814e-06   2.9513252936e-02       5.916200       5.916200
   247   6.7786610964e-06   3.8818952279e-02   6.7786611812e-06   3.8810379882e-02       5.928100       5.928100
   248   5.7148523849e-06   2.9968741355e-02   5.7148517422e-06   2.9962115475e-02       5.934700       5.934700
   249   6.2513650770e-06   3.4432185240e-02   6.2513786441e-06   3.4424692807e-02       5.939900       5.939900
   250   6.4248431898e-06   3.5875412647e-02   6.4247917043e-06   3.5867060728e-02       5.958700       5.958700
   251   6.4253768860e-06   3.5879852660e-02   6.4253836071e-06   3.5871983897e-02       5.958700       5.958700
   252   5.6908969628e-06   2.9769447500e-02   5.6909023278e-06   2.9762915558e-02       6.005100       6.005100
   253   5.6908474372e-06   2.9769035479e-02   5.6908501823e-06   2.9762481836e-02       6.005100       6.005100
   254   7.1468686658e-06   4.1882204738e-02   7.1468689133e-06   4.1872957869e-02       6.276500       6.276500
   255   6.9350468070e-06   4.0119981786e-02   6.9350149533e-06   4.0110856702e-02       6.318800       6.318800
   256   6.9345274587e-06   4.0115661139e-02   6.9344760822e-06   4.0106374627e-02       6.318900       6.318900
   257   5.7357140849e-06   3.0142297412e-02   5.7357120297e-06   3.0135621492e-02       6.865100       6.865100
   258   5.7374275610e-06   3.0156552442e-02   5.7374325202e-06   3.0149931719e-02       6.865200       6.865200
   259   5.0020212976e-06   2.4038440721e-02   5.0020216040e-06   2.4033131101e-02       6.914200       6.914200
   260   5.3461369102e-06   2.6901263446e-02   5.3461368416e-06   2.6895319099e-02       6.928200       6.928200
   261   5.6470234870e-06   2.9404448126e-02   5.6470624335e-06   2.9398276026e-02       6.934400       6.934400
   262   5.6378903577e-06   2.9328466307e-02   5.6378269498e-06   2.9321459635e-02       6.934500       6.934500
   263   5.3776177908e-06   2.7163164322e-02   5.3776175999e-06   2.7157161176e-02       7.002200       7.002200
   264   7.2214084691e-06   4.2502328426e-02   7.2214026543e-06   4.2492894320e-02       7.406100       7.406100
   265   7.2208468951e-06   4.2497656489e-02   7.2208880048e-06   4.2488613708e-02       7.406100       7.406100
   266   6.6137909326e-06   3.7447337524e-02   6.6137911292e-06   3.7439068668e-02       7.424100       7.424100
   267   6.1766931853e-06   3.3810962660e-02   6.1766819679e-06   3.3803401139e-02       7.478100       7.478100
   268   6.1775175646e-06   3.3817820971e-02   6.1775049475e-06   3.3810246295e-02       7.478200       7.478200
   269   5.7176247619e-06   2.9991805765e-02   5.7176188897e-06   2.9985131300e-02       7.487700       7.487700
   270   5.7186572563e-06   3.0000395461e-02   5.7186592179e-06   2.9993784258e-02       7.487700       7.487700
   271   6.4581275030e-06   3.6152316934e-02   6.4581273739e-06   3.6144331082e-02       7.501800       7.501800
   272   5.9298669281e-06   3.1757525408e-02   5.9298668957e-06   3.1750509956e-02       7.507200       7.507200
   273   5.8665088725e-06   3.1230426739e-02   5.8665082882e-06   3.1223522987e-02       7.565100       7.565100
   274   5.8664736038e-06   3.1230133326e-02   5.8664736655e-06   3.1223235011e-02       7.565100       7.565100
   275   8.5296309782e-06   5.3385906475e-02   8.5296412615e-06   5.3374205088e-02       7.743200       7.743200
   276   8.5296782248e-06   5.3386299537e-02   8.5296629705e-06   5.3374385653e-02       7.743300       7.743300
   277   8.5249654347e-06   5.3347092125e-02   8.5249676426e-06   5.3335332133e-02       7.816200       7.816200
   278   6.6941843457e-06   3.8116159517e-02   6.6941814140e-06   3.8107717083e-02       7.848500       7.848500
   279   5.6252991088e-06   2.9223715136e-02   5.6253026854e-06   2.9217288720e-02       7.850900       7.850900
   280   5.7813199047e-06   3.0521708785e-02   5.7813494476e-06   3.0515211977e-02       7.851400       7.851400
   281   5.7468486344e-06   3.0234929772e-02   5.7466400751e-06   3.0226515811e-02       7.851500       7.851500
   282   5.7750766652e-06   3.0469769009e-02   5.7750865204e-06   3.0463119906e-02       7.885600       7.885600
   283   5.7737011999e-06   3.0458326014e-02   5.7737056936e-06   3.0451634842e-02       7.885700       7.885700
   284   5.7497251334e-06   3.0258860411e-02   5.7497242352e-06   3.0252168398e-02       7.912500       7.912500
   285   7.3291630777e-06   4.3398778139e-02   7.3291643463e-06   4.3389205171e-02       7.918100       7.918100
   286   6.5999408424e-06   3.7332113594e-02   6.5999365838e-06   3.7323833104e-02       7.936300       7.936300
   287   6.6026178040e-06   3.7354384210e-02   6.6025984963e-06   3.7345973635e-02       7.936400       7.936400
   288   1.0138137502e-05   6.6767656272e-02   1.0138165240e-05   6.6753147730e-02       8.018900       8.018900
   289   1.0135404886e-05   6.6744922643e-02   1.0135404800e-05   6.6730187694e-02       8.019000       8.019000
   290   1.2604829557e-05   8.7288963091e-02   1.2604746667e-05   8.7269006918e-02       8.048800       8.048800
   291   1.2600380000e-05   8.7251945610e-02   1.2600371273e-05   8.7232614457e-02       8.048900       8.048900
   292   8.2767012316e-06   5.1281692079e-02   8.2767028180e-06   5.1270382594e-02       8.115000       8.115000
   293   1.0184641246e-05   6.7154537799e-02   1.0184642713e-05   6.7139725396e-02       8.130000       8.130000
   294   1.0362186036e-05   6.8631597375e-02   1.0362188273e-05   6.8616465503e-02       8.170800       8.170800
   295   8.3100756788e-06   5.1559346222e-02   8.3100022137e-06   5.1547351238e-02       8.185900       8.185900
   296   8.3120906386e-06   5.1576109404e-02   8.3121610719e-06   5.1565307601e-02       8.186000       8.186000
   297   7.6119029417e-06   4.5750993727e-02   7.6118622371e-06   4.5740552690e-02       8.205200       8.205200
   298   7.6167190182e-06   4.5791060415e-02   7.6167409414e-06   4.5781131448e-02       8.205200       8.205200
   299   6.4608872222e-06   3.6175276040e-02   6.4609199483e-06   3.6167558396e-02       8.210500       8.210500
   300   6.4606487674e-06   3.6173292248e-02   6.4606164773e-06   3.6165034268e-02       8.210500       8.210500
   301   8.0220869696e-06   4.9163463586e-02   8.0220733240e-06   4.9152494741e-02       8.214600       8.214600
   302   8.1120860022e-06   4.9912198215e-02   8.1120919584e-06   4.9901227221e-02       8.231900       8.231900
   303   7.0987146637e-06   4.1481594111e-02   7.0987161470e-06   4.1472445905e-02       8.236400       8.236400
   304   6.6938292702e-06   3.8113205515e-02   6.6938694820e-06   3.8105122580e-02       8.241300       8.241300
   305   6.6986537111e-06   3.8153341790e-02   6.6988553085e-06   3.8146592330e-02       8.241300       8.241300
   306   6.8146632774e-06   3.9118467494e-02   6.8146840630e-06   3.9110001196e-02       8.249600       8.249600
   307   6.8125194230e-06   3.9100631991e-02   6.8125219046e-06   3.9092017384e-02       8.249700       8.249700
   308   9.2362955207e-06   5.9264905383e-02   9.2363068862e-06   5.9251915950e-02       8.271900       8.271900
   309   9.2313509880e-06   5.9223770020e-02   9.2313335617e-06   5.9210550186e-02       8.271900       8.271900
   310   8.7524679730e-06   5.5239768343e-02   8.7524647535e-06   5.5227545641e-02       8.274200       8.274200
   311   8.5144149752e-06   5.3259319022e-02   8.5144335597e-06   5.3247714608e-02       8.282200       8.282200
   312   8.5190183177e-06   5.3297615899e-02   8.5189920763e-06   5.3285630196e-02       8.282200       8.282200
   313   5.8929091394e-06   3.1450060145e-02   5.8929088218e-06   3.1443110154e-02       8.310700       8.310700
   314   6.5612590713e-06   3.7010305896e-02   6.5612596242e-06   3.7002136423e-02       8.322700       8.322700
   315   6.3298138759e-06   3.5084829282e-02   6.3297878706e-06   3.5076863716e-02       8.346200       8.346200
   316   6.3251255301e-06   3.5045825231e-02   6.3250776407e-06   3.5037686249e-02       8.346300       8.346300
   317   7.6594470057e-06   4.6146530057e-02   7.6594507874e-06   4.6136371772e-02       8.354700       8.354700
   318   6.3857299905e-06   3.5550015741e-02   6.3857325893e-06   3.5542185460e-02       8.355700       8.355700
   319   6.2898368001e-06   3.4752245473e-02   6.2898467101e-06   3.4744652010e-02       8.363100       8.363100
   320   6.2880634072e-06   3.4737491973e-02   6.2880922720e-06   3.4730059422e-02       8.363100       8.363100
   321   6.1608373573e-06   3.3679052271e-02   6.1608694871e-06   3.3671880394e-02       8.366000       8.366000
   322   7.6468755859e-06   4.6041943852e-02   7.6465360410e-06   4.6028953012e-02       8.384300       8.384300
   323   7.6781328146e-06   4.6301984086e-02   7.6780525836e-06   4.6291092726e-02       8.384400       8.384400
   324   7.4172912216e-06   4.4131948167e-02   7.4172618635e-06   4.4121958705e-02       8.386200       8.386200
   325   7.4036669113e-06   4.4018602582e-02   7.4035673228e-06   4.4008053983e-02       8.386200       8.386200
   326   6.7700398870e-06   3.8747229307e-02   6.7700472631e-06   3.8738733379e-02       8.391800       8.391800
   327   6.8995639767e-06   3.9824787238e-02   6.8993727213e-06   3.9814401452e-02       8.391800       8.391800
   328   8.9136986141e-06   5.6581104587e-02   8.9137981596e-06   5.6569440704e-02       8.392400       8.392400
   329   7.4819954227e-06   4.4670245908e-02   7.4819892612e-06   4.4660330624e-02       8.392700       8.392700
   330   6.8004739101e-06   3.9000420995e-02   6.8004626809e-06   3.8991714458e-02       8.401300       8.401300
   331   6.8120477643e-06   3.9096708091e-02   6.8120301493e-06   3.9087927196e-02       8.401400       8.401400
   332   6.7821033042e-06   3.8847589254e-02   6.7820990196e-06   3.8838974197e-02       8.403800       8.403800
   333   6.7747739482e-06   3.8786613681e-02   6.7746767018e-06   3.8777238864e-02       8.403900       8.403900
   334   6.3691735870e-06   3.5412277009e-02   6.3691631268e-06   3.5404368497e-02       8.406800       8.406800
   335   6.8329631521e-06   3.9270710796e-02   6.8328776757e-06   3.9261327073e-02       8.407700       8.407700
   336   6.8406077851e-06   3.9334309273e-02   6.8406426780e-06   3.9325912694e-02       8.407700       8.407700
   337   1.1275063913e-05   7.6226159884e-02   1.1275057840e-05   7.6209283351e-02       8.413000       8.413000
   338   6.7534213963e-06   3.8608974049e-02   6.7533869277e-06   3.8600160580e-02       8.415900       8.415900
   339   7.3832565631e-06   4.3848801485e-02   7.3831616488e-06   4.3838329226e-02       8.421900       8.421900
   340   7.3895783329e-06   4.3901394583e-02   7.3896134963e-06   4.3891992646e-02       8.421900       8.421900
   341   7.0663628361e-06   4.1212447511e-02   7.0663655508e-06   4.1203368927e-02       8.422500       8.422500
   342   7.6194227026e-06   4.5813553347e-02   7.6193440512e-06   4.5802782886e-02       8.469200       8.469200
   343   7.6218762320e-06   4.5833965150e-02   7.6220474805e-06   4.5825268733e-02       8.469300       8.469300
   344   7.4041604929e-06   4.4022708867e-02   7.4041765407e-06   4.4013121170e-02       8.500300       8.500300
   345   7.4196160062e-06   4.4151288894e-02   7.4196286215e-06   4.4141644279e-02       8.500300       8.500300
   346   7.7410658156e-06   4.6825546571e-02   7.7410602252e-06   4.6815160526e-02       8.505100       8.505100
   347   8.8014297360e-06   5.5647099027e-02   8.8014281998e-06   5.5634800458e-02       8.506000       8.506000
   348   7.5405419192e-06   4.5157315470e-02   7.5406902232e-06   4.5148577497e-02       8.507800       8.507800
   349   7.5355651206e-06   4.5115911676e-02   7.5356702346e-06   4.5106823603e-02       8.507800       8.507800
   350   9.1126644675e-06   5.8236373763e-02   9.1126640176e-06   5.8223512974e-02       8.521900       8.521900
   351   6.5397404830e-06   3.6831284947e-02   6.5394640475e-06   3.6820851112e-02       8.523600       8.523600
   352   6.5405670015e-06   3.6838161054e-02   6.5406478139e-06   3.6830697122e-02       8.523600       8.523600
   353   8.0613675675e-06   4.9490253142e-02   8.0613669379e-06   4.9479320461e-02       8.531600       8.531600
   354   8.0570839914e-06   4.9454616518e-02   8.0570358552e-06   4.9443296561e-02       8.531700       8.531700
   355   7.2491586245e-06   4.2733192045e-02   7.2491606411e-06   4.2723772142e-02       8.563600       8.563600
   356   9.2205234492e-06   5.9133691794e-02   9.2205249578e-06   5.9120649325e-02       8.969000       8.969000
   357   8.8650343678e-06   5.6176249053e-02   8.8650379631e-06   5.6163876423e-02       8.988600       8.988600
   358   8.8664364882e-06   5.6187913802e-02   8.8663739735e-06   5.6174988726e-02       8.988600       8.988600
   359   7.0788517378e-06   4.1316347219e-02   7.0788564307e-06   4.1307262165e-02       9.128100       9.128100
   360   7.0766498805e-06   4.1298029168e-02   7.0766528092e-06   4.1288933483e-02       9.128200       9.128200
   361   6.9555621970e-06   4.0290656764e-02   6.9555831284e-06   4.0281933067e-02       9.161900       9.161900
   362   6.9549455638e-06   4.0285526769e-02   6.9549548660e-06   4.0276707477e-02       9.161900       9.161900
   363   6.8593226862e-06   3.9490005331e-02   6.8593231225e-06   3.9481287807e-02       9.178100       9.178100
   364   7.4657613890e-06   4.4535189088e-02   7.4657641302e-06   4.4525377648e-02       9.203500       9.203500
   365   6.9100387310e-06   3.9911930521e-02   6.9099929172e-06   3.9902735225e-02       9.205700       9.205700
   366   6.8995189438e-06   3.9824412592e-02   6.8995256898e-06   3.9815673772e-02       9.205700       9.205700
   367   7.6532271964e-06   4.6094785206e-02   7.6532264220e-06   4.6084600441e-02       9.216900       9.216900
   368   7.3633530605e-06   4.3683217020e-02   7.3633518564e-06   4.3673560730e-02       9.226800       9.226800
   369   7.3698760130e-06   4.3737483831e-02   7.3698774393e-06   4.3727837447e-02       9.226900       9.226900
   370   7.0552355188e-06   4.1119875318e-02   7.0552351375e-06   4.1110791406e-02       9.237100       9.237100
   371   7.9353581703e-06   4.8441935215e-02   7.9353660994e-06   4.8431305004e-02       9.243700       9.243700
   372   7.0811874706e-06   4.1335779028e-02   7.0811458184e-06   4.1326304211e-02       9.246600       9.246600
   373   7.0807798207e-06   4.1332387640e-02   7.0808108897e-06   4.1323518432e-02       9.246600       9.246600
   374   7.2850773310e-06   4.3032012806e-02   7.2850463604e-06   4.3022252604e-02       9.249900       9.249900
   375   7.2819044568e-06   4.3005616514e-02   7.2819293378e-06   4.2996326682e-02       9.249900       9.249900
   376   7.8159300538e-06   4.7448369351e-02   7.8159208055e-06   4.7437815472e-02       9.260500       9.260500
   377   7.5495864157e-06   4.5232559921e-02   7.5496059799e-06   4.5222734550e-02       9.262900       9.262900
   378   7.5579548213e-06   4.5302179725e-02   7.5579427533e-06   4.5292075893e-02       9.262900       9.262900
   379   7.6420737764e-06   4.6001995855e-02   7.6420768834e-06   4.5991863845e-02       9.294200       9.294200
   380   1.2797086516e-05   8.8888418541e-02   1.2797101485e-05   8.8868923425e-02       9.907900       9.907900
   381   9.1089896036e-06   5.8205801236e-02   9.1089746272e-06   5.8192826367e-02      10.011800      10.011800
   382   9.1093785158e-06   5.8209036738e-02   9.1095653288e-06   5.8197739544e-02      10.012000      10.012000
   383   1.2721862577e-05   8.8262603280e-02   1.2721863047e-05   8.8243125644e-02      10.298800      10.298800
   384   7.6483758821e-06   4.6054425361e-02   7.6483630518e-06   4.6044149225e-02      10.547700      10.547700
   385   7.6411040747e-06   4.5993928554e-02   7.6412645819e-06   4.5985107505e-02      10.547800      10.547800
   386   7.0306092084e-06   4.0915000100e-02   7.0306098561e-06   4.0905969948e-02      10.558300      10.558300
   387   6.4293539693e-06   3.5912939460e-02   6.4291927464e-06   3.5903666517e-02      10.578300      10.578300
   388   6.4100142377e-06   3.5752045211e-02   6.4099116115e-06   3.5743295145e-02      10.578400      10.578400
   389   6.5193001266e-06   3.6661234200e-02   6.5193009565e-06   3.6653144045e-02      10.582100      10.582100
   390   6.5802923427e-06   3.7168650592e-02   6.5802983374e-06   3.7160491446e-02      10.626300      10.626300
   391   6.5783490662e-06   3.7152483769e-02   6.5783455299e-06   3.7144248917e-02      10.626400      10.626400
   392   6.4175350074e-06   3.5814613225e-02   6.4175351986e-06   3.5806704542e-02      10.647800      10.647800
   393   7.1442951855e-06   4.1860795022e-02   7.1442947372e-06   4.1851547088e-02      10.700900      10.700900
   394   8.1834039460e-06   5.0505518084e-02   8.1834113098e-06   5.0494427897e-02      10.714000      10.714000
   395   8.1751521827e-06   5.0436868670e-02   8.1752145706e-06   5.0426251292e-02      10.714100      10.714100
   396   7.4739818890e-06   4.4603578412e-02   7.4739904920e-06   4.4593800640e-02      10.765800      10.765800
   397   7.4704323326e-06   4.4574048363e-02   7.4704296485e-06   4.4564183226e-02      10.765900      10.765900
   398   7.4731040482e-06   4.4596275335e-02   7.4731114569e-06   4.4586489241e-02      10.827300      10.827300
   399   7.4680317898e-06   4.4554077376e-02   7.4680386425e-06   4.4544295967e-02      10.827400      10.827400
   400   1.0015269909e-05   6.5745476154e-02   1.0015270798e-05   6.5730969809e-02      10.842700      10.842700
   401   8.2769461347e-06   5.1283729516e-02   8.2769573238e-06   5.1272499453e-02      10.846200      10.846200
   402   8.3018702848e-06   5.1491082571e-02   8.3018124366e-06   5.1479232541e-02      10.846300      10.846300
   403   7.8993779934e-06   4.8142603059e-02   7.8995188240e-06   4.8133144300e-02      10.867500      10.867500
   404   7.9009884978e-06   4.8156001430e-02   7.9009742792e-06   4.8145250089e-02      10.867700      10.867700
   405   7.4307864979e-06   4.4244220270e-02   7.4307883958e-06   4.4234466011e-02      10.873400      10.873400
   406   7.1473752635e-06   4.1886419309e-02   7.1474016344e-06   4.1877388791e-02      10.882200      10.882200
   407   7.1685172120e-06   4.2062306855e-02   7.1684799679e-06   4.2052708413e-02      10.882300      10.882300
   408   7.4009778821e-06   4.3996231572e-02   7.4009777392e-06   4.3986515051e-02      10.907800      10.907800
   409   7.9113251569e-06   4.8241995850e-02   7.9113223863e-06   4.8231320756e-02      10.913800      10.913800
   410   7.5099173122e-06   4.4902538245e-02   7.5099084252e-06   4.4892549041e-02      10.926400      10.926400
   411   7.5151856515e-06   4.4946367472e-02   7.5151771663e-06   4.4936371941e-02      10.926400      10.926400
   412   7.0695262127e-06   4.1238764789e-02   7.0695262407e-06   4.1229658052e-02      10.933500      10.933500
   413   7.0727277183e-06   4.1265399277e-02   7.0727333015e-06   4.1256332869e-02      10.933500      10.933500
   414   2.0118629498e-05   1.4979899295e-01   2.0118645002e-05   1.4976606396e-01      11.512900      11.512900
   415   1.0685043759e-05   7.1317567995e-02   1.0685071006e-05   7.1302051551e-02      11.587400      11.587400
   416   1.1590000169e-05   7.8846228947e-02   1.1589661120e-05   7.8826004827e-02      11.594700      11.594700
   417   1.1611449184e-05   7.9024671094e-02   1.1607107971e-05   7.8971119487e-02      11.594800      11.594800
   418   7.3688030599e-06   4.3728557544e-02   7.3688349131e-06   4.3719166207e-02      11.766400      11.766400
   419   7.3763629624e-06   4.3791451118e-02   7.3763323176e-06   4.3781526076e-02      11.766500      11.766500
   420   7.7105039214e-06   4.6571291077e-02   7.7105044737e-06   4.6561012218e-02      11.772600      11.772600
   421   7.2580639596e-06   4.2807278761e-02   7.2577887698e-06   4.2795536840e-02      11.800300      11.800300
   422   7.2613436282e-06   4.2834563515e-02   7.2615471093e-06   4.2826796934e-02      11.800300      11.800300
   423   7.6885942016e-06   4.6389016163e-02   7.6885943237e-06   4.6378773940e-02      11.803700      11.803700
   424   7.4646199839e-06   4.4525693324e-02   7.4646049868e-06   4.4515736441e-02      11.810600      11.810600
   425   7.4686538072e-06   4.4559252165e-02   7.4686531419e-06   4.4549407083e-02      11.810800      11.810800
   426   7.6004973832e-06   4.5656106744e-02   7.6004972261e-06   4.5646023897e-02      11.824900      11.824900
   427   2.0061046920e-05   1.4931994257e-01   2.0061076135e-05   1.4928723332e-01      12.820300      12.820300
   428   6.4176793792e-06   3.5815814306e-02   6.4175113398e-06   3.5806506095e-02      13.004100      13.004100
   429   6.4206511982e-06   3.5840537947e-02   6.4205673750e-06   3.5831924752e-02      13.004400      13.004400
   430   6.3978463142e-05   5.1468487386e-01   6.3978325707e-05   5.1457017030e-01      13.542000      13.542000
   431   1.2230158397e-04   9.9989609221e-01   1.2230687494e-04   9.9971949049e-01      14.415700      14.415700
   432   1.2231407384e-04   1.0000000000e+00   1.2234060005e-04   1.0000000000e+00      14.415900      14.415900
   433   3.7566607447e-06   1.3677834111e-02   3.7566425938e-06   1.3674656767e-02      17.349100      17.349100
   434   3.7566462799e-06   1.3677713773e-02   3.7566210001e-06   1.3674477161e-02      17.349100      17.349100
   435   4.2700899775e-06   1.7949238317e-02   4.2700900972e-06   1.7945270566e-02      17.361800      17.361800
   436   3.8475594868e-06   1.4434053750e-02   3.8475603468e-06   1.4430867690e-02      17.409400      17.409400
   437   3.8475201159e-06   1.4433726210e-02   3.8475170119e-06   1.4430507251e-02      17.409400      17.409400
   438   4.0205740998e-06   1.5873425135e-02   4.0205741533e-06   1.5869914807e-02      17.436100      17.436100
   439   4.8998808636e-06   2.3188697366e-02   4.8998806048e-06   2.3183570517e-02      17.891200      17.891200
   440   4.1234018400e-06   1.6728886441e-02   4.1233971769e-06   1.6725148147e-02      17.959000      17.959000
   441   4.1233177717e-06   1.6728187046e-02   4.1233168328e-06   1.6724479883e-02      17.959000      17.959000
   442   4.0199695238e-06   1.5868395448e-02   4.0199646436e-06   1.5864845193e-02      17.991900      17.991900
   443   4.0191765204e-06   1.5861798165e-02   4.0191961573e-06   1.5858453287e-02      17.991900      17.991900
   444   4.8274933526e-06   2.2586479379e-02   4.8274933405e-06   2.2581487446e-02      18.005700      18.005700
   445   4.0556403384e-06   1.6165153906e-02   4.0556398395e-06   1.6161574621e-02      18.125300      18.125300
   446   4.0553296089e-06   1.6162568834e-02   4.0553476681e-06   1.6159144477e-02      18.125300      18.125300
   447   4.4697610688e-06   1.9610374623e-02   4.4697608906e-06   1.9606037908e-02      18.131500      18.131500
   448   4.9910119144e-06   2.3946849666e-02   4.9910088914e-06   2.3941532559e-02      18.236400      18.236400
   449   4.9912052841e-06   2.3948458378e-02   4.9911703275e-06   2.3942875308e-02      18.236400      18.236400
   450   4.7053036689e-06   2.1569939035e-02   4.7053035195e-06   2.1565170233e-02      18.249800      18.249800
   451   4.2631068095e-06   1.7891142806e-02   4.2631082744e-06   1.7887199062e-02      18.798300      18.798300
   452   4.2629269102e-06   1.7889646159e-02   4.2629274147e-06   1.7885694756e-02      18.798600      18.798600
   453   4.2543123843e-06   1.7817978791e-02   4.2543125023e-06   1.7814039984e-02      18.850300      18.850300
   454   8.4972470384e-06   5.3116492721e-02   8.4972526422e-06   5.3104811852e-02      19.399900      19.399900
   455   5.0071508255e-06   2.4081115127e-02   5.0071507899e-06   2.4075793246e-02      19.503100      19.503100
   456   4.5466919472e-06   2.0250390532e-02   4.5466697432e-06   2.0245729414e-02      19.518300      19.518300
   457   4.5493175574e-06   2.0272233937e-02   4.5493611790e-06   2.0268115506e-02      19.518300      19.518300
   458   4.4156806362e-06   1.9160459868e-02   4.4156450592e-06   1.9155927984e-02      19.521900      19.521900
   459   4.4164300918e-06   1.9166694862e-02   4.4164833497e-06   1.9162900489e-02      19.521900      19.521900
   460   4.7059969267e-06   2.1575706498e-02   4.7059987773e-06   2.1570953059e-02      19.552400      19.552400
   461   4.4229561590e-06   1.9220987584e-02   4.4229454560e-06   1.9216649237e-02      19.598200      19.598200
   462   4.4229794804e-06   1.9221181603e-02   4.4229837638e-06   1.9216967863e-02      19.598200      19.598200
   463   4.3192304923e-06   1.8358056101e-02   4.3192326441e-06   1.8354015058e-02      19.622900      19.622900
   464   4.3203039042e-06   1.8366986205e-02   4.3203030997e-06   1.8362918601e-02      19.622900      19.622900
   465   4.9932314958e-06   2.3965315169e-02   4.9932312895e-06   2.3960017417e-02      19.676200      19.676200
   466   8.8421548470e-06   5.5985906012e-02   8.8421559270e-06   5.5973554455e-02      20.047700      20.047700
   467   6.0125526972e-06   3.2445418343e-02   6.0125658884e-06   3.2438361113e-02      20.175600      20.175600
   468   6.0090996609e-06   3.2416691281e-02   6.0090888275e-06   3.2409440563e-02      20.175600      20.175600
   469   6.3788299545e-06   3.5492611836e-02   6.3788299920e-06   3.5484772916e-02      20.204700      20.204700
   470   4.7409885900e-06   2.1866814850e-02   4.7409872157e-06   2.1861970362e-02      20.206000      20.206000
   471   5.8992239214e-06   3.1502595110e-02   5.8992183733e-06   3.1495590023e-02      20.236100      20.236100
   472   5.8967780885e-06   3.1482247337e-02   5.8967694134e-06   3.1475220731e-02      20.236100      20.236100
   473   5.2879102935e-06   2.6416855080e-02   5.2878953361e-06   2.6410893767e-02      20.266800      20.266800
   474   5.2825187317e-06   2.6372000720e-02   5.2825151957e-06   2.6366144301e-02      20.266800      20.266800
   475   6.1261791111e-06   3.3390717736e-02   6.1261803593e-06   3.3383352614e-02      20.281000      20.281000
   476   5.9921054728e-06   3.2275310459e-02   5.9920584607e-06   3.2267790016e-02      20.286700      20.286700
   477   6.0013408766e-06   3.2352143137e-02   6.0013530120e-06   3.2345097703e-02      20.286800      20.286800
   478   6.1379781650e-06   3.3488878350e-02   6.1379777568e-06   3.3481477794e-02      20.295900      20.295900
   479   5.6881456774e-06   2.9746558559e-02   5.6883390892e-06   2.9741595750e-02      20.300100      20.300100
   480   5.6844264468e-06   2.9715616929e-02   5.6842532539e-06   2.9707611702e-02      20.300200      20.300200
   481   6.4701370175e-06   3.6252228446e-02   6.4694268799e-06   3.6238315035e-02      20.300400      20.300400
   482   5.5705086361e-06   2.8767893300e-02   5.5705359897e-06   2.8761765214e-02      20.323700      20.323700
   483   5.5698485099e-06   2.8762401470e-02   5.5698383444e-06   2.8755962531e-02      20.323900      20.323900
   484   6.0053700902e-06   3.2385663628e-02   6.0053491735e-06   3.2378335887e-02      20.376400      20.376400
   485   6.0014878726e-06   3.2353366050e-02   6.0014706870e-06   3.2346076469e-02      20.376500      20.376500
   486   6.5223460401e-06   3.6686574261e-02   6.5223469744e-06   3.6678479383e-02      20.378800      20.378800
   487   5.6366917787e-06   2.9318494893e-02   5.6367017130e-06   2.9312100446e-02      20.421600      20.421600
   488   5.6398247398e-06   2.9344559134e-02   5.6398133127e-06   2.9337981263e-02      20.421700      20.421700
   489   6.3618991543e-06   3.5351758362e-02   6.3619002795e-06   3.5343959565e-02      20.443300      20.443300
   490   6.8521032495e-06   3.9429944216e-02   6.8521121161e-06   3.9421310062e-02      20.656400      20.656400
   491   6.8520463438e-06   3.9429470796e-02   6.8520442981e-06   3.9420745984e-02      20.656500      20.656500
   492   8.0395312509e-06   4.9308588896e-02   8.0395290745e-06   4.9297683428e-02      20.679200      20.679200
   493   7.7483592775e-06   4.6886223529e-02   7.7483600792e-06   4.6875877264e-02      20.730500      20.730500
   494   6.4574241798e-06   3.6146465733e-02   6.4574247035e-06   3.6138486601e-02      20.773200      20.773200
   495   6.4587363464e-06   3.6157382124e-02   6.4587232421e-06   3.6149287231e-02      20.773200      20.773200
   496   6.4428768244e-06   3.6025441002e-02   6.4428888785e-06   3.6017584475e-02      20.786700      20.786700
   497   6.4425603090e-06   3.6022807795e-02   6.4425480167e-06   3.6014749348e-02      20.786800      20.786800
   498   6.5860878282e-06   3.7216865340e-02   6.5860943678e-06   3.7208700089e-02      20.809800      20.809800
   499   6.6162430522e-06   3.7467737597e-02   6.6178218481e-06   3.7472594284e-02      20.823000      20.823000
   500   6.5998121440e-06   3.7331042906e-02   6.6011250563e-06   3.7333718256e-02      20.823100      20.823100
   501   6.2010097132e-06   3.4013260685e-02   6.2010808938e-06   3.4006339880e-02      20.823200      20.823200
   502   5.0492435059e-06   2.4431299419e-02   5.0492456547e-06   2.4425918448e-02      20.831600      20.831600
   503   6.3749990581e-06   3.5460741218e-02   6.3749983801e-06   3.5452903378e-02      20.834500      20.834500
   504   6.5227509520e-06   3.6689942870e-02   6.5227542847e-06   3.6681867198e-02      20.839200      20.839200
   505   6.5204600739e-06   3.6670884223e-02   6.5204654565e-06   3.6662829806e-02      20.839200      20.839200
   506   5.8013741503e-06   3.0688547336e-02   5.8013475780e-06   3.0681546979e-02      20.852200      20.852200
   507   5.8013691977e-06   3.0688506134e-02   5.8013564806e-06   3.0681621026e-02      20.852200      20.852200
   508   6.5444472886e-06   3.6870442572e-02   6.5444517774e-06   3.6862336693e-02      20.861600      20.861600
   509   5.6331509864e-06   2.9289037757e-02   5.6331437053e-06   2.9282506620e-02      20.867100      20.867100
   510   5.6373261328e-06   2.9323772315e-02   5.6373435534e-06   2.9317438972e-02      20.867100      20.867100
   511   6.5430986080e-06   3.6859222409e-02   6.5431185146e-06   3.6851247243e-02      20.872700      20.872700
   512   6.5328875641e-06   3.6774273027e-02   6.5328671478e-06   3.6765981216e-02      20.872800      20.872800
   513   7.8808671410e-06   4.7988604557e-02   7.8808603072e-06   4.7977951571e-02      20.877700      20.877700
   514   6.3423793341e-06   3.5189365891e-02   6.3424358146e-06   3.5182063340e-02      20.882600      20.882600
   515   6.3410645600e-06   3.5178427807e-02   6.3410351125e-06   3.5170412961e-02      20.882600      20.882600
   516   6.1445045565e-06   3.3543173770e-02   6.1444936767e-06   3.3535674138e-02      20.891500      20.891500
   517   5.9574112126e-06   3.1986676312e-02   5.9573566278e-06   3.1979156562e-02      20.895600      20.895600
   518   5.9633969716e-06   3.2036474015e-02   5.9634025338e-06   3.2029443552e-02      20.895600      20.895600
   519   5.0115150921e-06   2.4117423045e-02   5.0115188698e-06   2.4112124871e-02      20.910300      20.910300
   520   5.8372054842e-06   3.0986641212e-02   5.8372072439e-06   3.0979810741e-02      20.921200      20.921200
   521   4.9742911388e-06   2.3807743462e-02   4.9743170309e-06   2.3802697548e-02      20.932000      20.932000
   522   4.9757807863e-06   2.3820136380e-02   4.9757674899e-06   2.3814761781e-02      20.932000      20.932000
   523   5.0241672581e-06   2.4222681008e-02   5.0241374974e-06   2.4217080655e-02      20.941100      20.941100
   524   5.0218580294e-06   2.4203469696e-02   5.0219112559e-06   2.4198563830e-02      20.941100      20.941100
   525   4.5588005899e-06   2.0351126728e-02   4.5587989892e-06   2.0346614753e-02      20.952000      20.952000
   526   5.1627797451e-06   2.5375848616e-02   5.1627780910e-06   2.5370227624e-02      21.053600      21.053600
   527   4.8699643345e-06   2.2939810898e-02   4.8699408548e-06   2.2934545819e-02      21.054800      21.054800
   528   4.8699729478e-06   2.2939882555e-02   4.8699785594e-06   2.2934859428e-02      21.054800      21.054800
   529   5.9621378577e-06   3.2025998989e-02   5.9621396719e-06   3.2018939663e-02      21.116700      21.116700
   530   5.9644030420e-06   3.2044843879e-02   5.9644206898e-06   3.2037912093e-02      21.116800      21.116800
   531   6.5679580677e-06   3.7066037280e-02   6.5679635914e-06   3.7057896856e-02      21.152700      21.152700
   532   7.2692460135e-06   4.2900306328e-02   7.2692399095e-06   4.2890782011e-02      21.246300      21.246300
   533   6.0661351713e-06   3.2891190400e-02   6.0661362537e-06   3.2883934106e-02      21.282800      21.282800
   534   6.0671766936e-06   3.2899855202e-02   6.0671834201e-06   3.2892643942e-02      21.282900      21.282900
   535   5.6622741346e-06   2.9531323801e-02   5.6622740348e-06   2.9524798940e-02      21.310400      21.310400
   536   5.0560252720e-06   2.4487719392e-02   5.0560764413e-06   2.4482733704e-02      21.361700      21.361700
   537   5.0213744157e-06   2.4199446338e-02   5.0214381601e-06   2.4194628843e-02      21.361700      21.361700
   538   5.0960956428e-06   2.4821079356e-02   5.0960331663e-06   2.4815074868e-02      21.361800      21.361800
   539   6.4235572655e-06   3.5864714576e-02   6.4235635133e-06   3.5856845216e-02      21.369700      21.369700
   540   5.3014866188e-06   2.6529801460e-02   5.3014919529e-06   2.6523984003e-02      21.374500      21.374500
   541   5.3036346058e-06   2.6547671343e-02   5.3036315438e-06   2.6541780110e-02      21.374500      21.374500
   542   5.4501453806e-06   2.7766547675e-02   5.4501306856e-06   2.7760290771e-02      21.392300      21.392300
   543   5.9211040947e-06   3.1684624216e-02   5.9211109010e-06   3.1677681727e-02      21.393900      21.393900
   544   5.9061035342e-06   3.1559829106e-02   5.9060876494e-06   3.1552725417e-02      21.394100      21.394100
   545   5.6477808456e-06   2.9410748867e-02   5.6477693429e-06   2.9404155764e-02      21.403500      21.403500
   546   5.1554419361e-06   2.5314802718e-02   5.1553974209e-06   2.5308838696e-02      21.405100      21.405100
   547   5.1719445795e-06   2.5452094200e-02   5.1719555015e-06   2.5446560989e-02      21.405200      21.405200
   548   5.4984749320e-06   2.8168618761e-02   5.4985313950e-06   2.8162865008e-02      21.413400      21.413400
   549   5.4981244438e-06   2.8165702922e-02   5.4981295059e-06   2.8159522285e-02      21.413500      21.413500
   550   5.5552645859e-06   2.8641072511e-02   5.5552607963e-06   2.8634713372e-02      21.417400      21.417400
   551   5.6519399086e-06   2.9445349622e-02   5.6519396520e-06   2.9438842425e-02      21.425000      21.425000
   552   5.6336935686e-06   2.9293551694e-02   5.6334644562e-06   2.9285174474e-02      21.428500      21.428500
   553   5.6350356293e-06   2.9304716784e-02   5.6350446042e-06   2.9298317399e-02      21.428600      21.428600
   554   6.3905617451e-06   3.5590212862e-02   6.3906144275e-06   3.5582790284e-02      21.442000      21.442000
   555   6.3889110181e-06   3.5576479865e-02   6.3888897261e-06   3.5568445032e-02      21.442200      21.442200
   556   6.0315176125e-06   3.2603194360e-02   6.0312527692e-06   3.2593789760e-02      21.460900      21.460900
   557   6.0518904902e-06   3.2772683726e-02   6.0517365904e-06   3.2764164509e-02      21.461000      21.461000
   558   5.7815626720e-06   3.0523728454e-02   5.7815724064e-06   3.0517066443e-02      21.463500      21.463500
   559   5.8633608656e-06   3.1204237327e-02   5.8633836819e-06   3.1197533987e-02      21.469000      21.469000
   560   5.8688928299e-06   3.1250259746e-02   5.8688300977e-06   3.1242834702e-02      21.469100      21.469100
   561   6.3460528748e-06   3.5219927409e-02   6.3468779842e-06   3.5219011208e-02      21.477000      21.477000
   562   6.4612673163e-06   3.6178438181e-02   6.4612880345e-06   3.6170619963e-02      21.477100      21.477100
   563   6.0858447365e-06   3.3055161430e-02   6.0861405110e-06   3.3050320069e-02      21.477600      21.477600
   564   6.4675811198e-06   3.6230965004e-02   6.4675897373e-06   3.6223034551e-02      21.496100      21.496100
   565   6.4728406035e-06   3.6274720559e-02   6.4728335140e-06   3.6266649808e-02      21.496400      21.496400
   566   6.6551585910e-06   3.7791490094e-02   6.6551629079e-06   3.7783179581e-02      21.501800      21.501800
   567   7.2259981736e-06   4.2540511845e-02   7.2260137370e-06   4.2531247127e-02      21.597600      21.597600
   568   7.2233635181e-06   4.2518593189e-02   7.2233451406e-06   4.2509051003e-02      21.597600      21.597600
   569   8.9709097385e-06   5.7057064704e-02   8.9709118731e-06   5.7044485594e-02      21.623600      21.623600
   570   7.8402706872e-06   4.7650867918e-02   7.8402738922e-06   4.7640372943e-02      21.675000      21.675000
   571   6.0666266734e-06   3.2895279384e-02   6.0668028878e-06   3.2889478854e-02      21.715000      21.715000
   572   6.0673541503e-06   3.2901331529e-02   6.0673970730e-06   3.2894421006e-02      21.715000      21.715000
   573   6.9201933445e-06   3.9996410438e-02   6.9206166164e-06   3.9991098137e-02      21.726900      21.726900
   574   6.9205540438e-06   3.9999411227e-02   6.9211038931e-06   3.9995151074e-02      21.726900      21.726900
   575   6.5118832060e-06   3.6599530145e-02   6.5119031679e-06   3.6591612734e-02      21.741400      21.741400
   576   7.0200591174e-06   4.0827230063e-02   7.0200334246e-06   4.0818000186e-02      21.752000      21.752000
   577   6.8882274601e-06   3.9730474639e-02   6.8883445419e-06   3.9722674266e-02      21.761600      21.761600
   578   6.8896716822e-06   3.9742489648e-02   6.8896122796e-06   3.9733218709e-02      21.761600      21.761600
   579   7.4610111367e-06   4.4495670014e-02   7.4610077898e-06   4.4485816656e-02      21.771300      21.771300
   580   6.5911877715e-06   3.7259293620e-02   6.5911867002e-06   3.7251055705e-02      21.785500      21.785500
   581   7.0156144641e-06   4.0790253378e-02   7.0156177286e-06   4.0781272513e-02      21.795400      21.795400
   582   6.6243460302e-06   3.7535149213e-02   6.6243467859e-06   3.7526865634e-02      21.803900      21.803900
   583   6.6277294294e-06   3.7563296940e-02   6.6276450356e-06   3.7554298917e-02      21.804000      21.804000
   584   7.0121710524e-06   4.0761606386e-02   7.0124229191e-06   4.0754699597e-02      21.819500      21.819500
   585   7.0114804854e-06   4.0755861308e-02   7.0116495410e-06   4.0748267003e-02      21.819500      21.819500
   586   6.5437695167e-06   3.6864803942e-02   6.5437637424e-06   3.6856613943e-02      21.950300      21.950300
   587   6.5441248366e-06   3.6867759977e-02   6.5441250866e-06   3.6859619434e-02      21.950400      21.950400
   588   6.6836687848e-06   3.8028676748e-02   6.6836792199e-06   3.8020364794e-02      22.028600      22.028600
   589   6.6876235404e-06   3.8061577796e-02   6.6876612725e-06   3.8053485626e-02      22.028700      22.028700
   590   5.9911435653e-06   3.2267308002e-02   5.9911432308e-06   3.2260177566e-02      22.041000      22.041000
   591   6.8205012125e-06   3.9167035396e-02   6.8205001567e-06   3.9158376717e-02      22.143400      22.143400
   592   6.8016145990e-06   3.9009910801e-02   6.8016123121e-06   3.9001276547e-02      22.167100      22.167100
   593   6.8006271383e-06   3.9001695756e-02   6.8006325611e-06   3.8993127441e-02      22.167200      22.167200
   594   6.6697108121e-06   3.7912555305e-02   6.6697129111e-06   3.7904199634e-02      22.209600      22.209600
   595   6.6692453061e-06   3.7908682591e-02   6.6692494990e-06   3.7900345191e-02      22.209700      22.209700
   596   6.7304751108e-06   3.8418075569e-02   6.7304740412e-06   3.8409582013e-02      22.232000      22.232000
   597   7.0620462982e-06   4.1176536665e-02   7.0620603926e-06   4.1167560654e-02      22.232600      22.232600
   598   7.0550327036e-06   4.1118188025e-02   7.0548965781e-06   4.1107975429e-02      22.232800      22.232800
   599   7.3761241991e-06   4.3789464759e-02   7.3761231840e-06   4.3779786601e-02      22.258400      22.258400
   600   5.7824702889e-06   3.0531279250e-02   5.7824687583e-06   3.0524521874e-02      22.368600      22.368600
   601   7.3746054821e-06   4.3776830001e-02   7.3745976412e-06   4.3767097857e-02      22.377600      22.377600
   602   7.3726468213e-06   4.3760535191e-02   7.3726458326e-06   4.3750863634e-02      22.377600      22.377600
   603   7.1958012300e-06   4.2289292507e-02   7.1958027373e-06   4.2279966302e-02      22.454500      22.454500
   604   6.0604732880e-06   3.2844087137e-02   6.0604741727e-06   3.2836839591e-02      22.487700      22.487700
   605   6.4986468155e-06   3.6489411807e-02   6.4986504122e-06   3.6481382572e-02      22.492800      22.492800
   606   6.4861669612e-06   3.6385587367e-02   6.4861827531e-06   3.6377682474e-02      22.493000      22.493000
   607   6.3544933715e-06   3.5290146966e-02   6.3544968379e-06   3.5282381235e-02      22.510300      22.510300
   608   6.3556913793e-06   3.5300113628e-02   6.3556901500e-06   3.5292306641e-02      22.510400      22.510400
   609   6.6989231083e-06   3.8155583003e-02   6.6989141741e-06   3.8147081946e-02      22.595800      22.595800
   610   6.4593586733e-06   3.6162559487e-02   6.4590033802e-06   3.6151617288e-02      22.605200      22.605200
   611   6.4655536807e-06   3.6214098003e-02   6.4655787552e-06   3.6206308151e-02      22.605300      22.605300
   612   6.5532888500e-06   3.6943998731e-02   6.5532870644e-06   3.6935824437e-02      22.680100      22.680100
   613   8.9911600179e-06   5.7225534130e-02   8.9911589361e-06   5.7212891101e-02      22.845700      22.845700
   614   8.9912125432e-06   5.7225971108e-02   8.9912303409e-06   5.7213485012e-02      22.845800      22.845800
   615   8.0179264560e-06   4.9128850763e-02   8.0179304086e-06   4.9118035928e-02      22.874100      22.874100
   616   4.9468098033e-06   2.3579116254e-02   4.9468118060e-06   2.3573922080e-02      23.131500      23.131500
   617   5.1544555666e-06   2.5306596752e-02   5.1544586568e-06   2.5301030500e-02      23.142000      23.142000
   618   5.1559103488e-06   2.5318699613e-02   5.1559031521e-06   2.5313045129e-02      23.142000      23.142000
   619   4.3562049931e-06   1.8665660398e-02   4.3561999636e-06   1.8661491759e-02      23.150500      23.150500
   620   4.3579761961e-06   1.8680395680e-02   4.3579983194e-06   1.8676449634e-02      23.150500      23.150500
   621   5.7439637233e-06   3.0210929149e-02   5.7439603762e-06   3.0204227342e-02      23.163600      23.163600
   622   5.3103859671e-06   2.6603838370e-02   5.3103882046e-06   2.6597978823e-02      23.168700      23.168700
   623   5.2118963021e-06   2.5784467086e-02   5.2118993400e-06   2.5778794970e-02      23.177500      23.177500
   624   5.2132738101e-06   2.5795927076e-02   5.2132699614e-06   2.5790195151e-02      23.177600      23.177600
   625   5.1078730153e-06   2.4919059594e-02   5.1078495278e-06   2.4913357781e-02      23.188900      23.188900
   626   5.1127527673e-06   2.4959656023e-02   5.1127719144e-06   2.4954299868e-02      23.189000      23.189000
   627   4.9965332946e-06   2.3992784032e-02   4.9964576474e-06   2.3986852738e-02      23.190800      23.190800
   628   4.9974989045e-06   2.4000817292e-02   4.9975232210e-06   2.3995715676e-02      23.190900      23.190900
   629   5.6742511054e-06   2.9630964569e-02   5.6742597971e-06   2.9624490849e-02      23.191300      23.191300
   630   5.2810641440e-06   2.6359899477e-02   5.2810653017e-06   2.6354084767e-02      23.200100      23.200100
   631   6.2889591495e-06   3.4744943979e-02   6.2889550364e-06   3.4737235489e-02      23.210700      23.210700
   632   4.9119250459e-06   2.3288897291e-02   4.9119268667e-06   2.3283765633e-02      23.235000      23.235000
   633   5.6713557816e-06   2.9606877319e-02   5.6713669312e-06   2.9600429357e-02      23.291500      23.291500
   634   5.6717068764e-06   2.9609798204e-02   5.6716778036e-06   2.9603015047e-02      23.291600      23.291600
   635   5.5220894588e-06   2.8365076584e-02   5.5220733448e-06   2.8358675827e-02      23.370600      23.370600
   636   5.5220961128e-06   2.8365131940e-02   5.5221096693e-06   2.8358977956e-02      23.370600      23.370600
   637   6.6593553985e-06   3.7826404859e-02   6.6593527877e-06   3.7818029022e-02      23.421700      23.421700
   638   6.1231517525e-06   3.3365532041e-02   6.1230493985e-06   3.3357310761e-02      23.429000      23.429000
   639   6.1254326599e-06   3.3384507738e-02   6.1254701472e-06   3.3377445405e-02      23.429000      23.429100
   640   7.1445611811e-06   4.1863007935e-02   7.1445607408e-06   4.1853759580e-02      23.694400      23.694400
   641   6.7510495869e-06   3.8589242105e-02   6.7510281787e-06   3.8580541620e-02      23.783600      23.783600
   642   6.7518785291e-06   3.8596138377e-02   6.7518804328e-06   3.8587630266e-02      23.783900      23.783900
   643   1.6769317861e-05   1.2193485335e-01   1.6769308880e-05   1.2190786821e-01      23.806900      23.806900
   644   6.7025718507e-06   3.8185938217e-02   6.7025470593e-06   3.8177298569e-02      23.823400      23.823400
   645   6.7017935583e-06   3.8179463319e-02   6.7018133714e-06   3.8171196100e-02      23.823400      23.823400
   646   8.4468023764e-06   5.2696825263e-02   8.4468062933e-06   5.2685222951e-02      23.853200      23.853200
   647   6.4180158485e-06   3.5818613516e-02   6.4180108174e-06   3.5810660514e-02      23.878700      23.878700
   648   7.3002435866e-06   4.3158186393e-02   7.3002641606e-06   4.3148827077e-02      23.883600      23.883600
   649   7.3016680399e-06   4.3170036937e-02   7.3016513737e-06   4.3160365260e-02      23.883700      23.883700
   650   6.7738345080e-06   3.8778798137e-02   6.7738737858e-06   3.8770560588e-02      23.893800      23.893800
   651   6.7554262341e-06   3.8625653022e-02   6.7554598721e-06   3.8617402352e-02      23.893800      23.893800
   652   6.3633255982e-06   3.5363625466e-02   6.3633269881e-06   3.5355826253e-02      23.898700      23.898700
   653   6.7098448059e-06   3.8246444572e-02   6.7099635644e-06   3.8238985555e-02      23.935700      23.935700
   654   6.7093350568e-06   3.8242203784e-02   6.7092032901e-06   3.8232661953e-02      23.935700      23.935700
   655   7.7040709360e-06   4.6517772736e-02   7.7040908268e-06   4.6507666534e-02      23.937100      23.937100
   656   8.3256592618e-06   5.1688991707e-02   8.3256581928e-06   5.1677570277e-02      23.968800      23.968800
   657   7.6175193085e-06   4.5797718321e-02   7.6175649786e-06   4.5787985400e-02      23.984500      23.984500
   658   6.5446262187e-06   3.6871931156e-02   6.5410816287e-06   3.6834305388e-02      23.986900      23.986900
   659   6.5223315457e-06   3.6686453677e-02   6.5144687477e-06   3.6612952015e-02      23.986900      23.986900
   660   8.4716886758e-06   5.2903863423e-02   8.4717083606e-06   5.2892346583e-02      24.110400      24.110400
   661   8.4725000301e-06   5.2910613375e-02   8.4725047176e-06   5.2898970306e-02      24.110500      24.110500
   662   8.8222005848e-06   5.5819899260e-02   8.8221916864e-06   5.5807501331e-02      24.155200      24.155200
   663   8.8208965027e-06   5.5809050128e-02   8.8209175209e-06   5.5796903425e-02      24.155300      24.155300
   664   9.2184745953e-06   5.9116646634e-02   9.2184975044e-06   5.9103785925e-02      24.248400      24.248400
   665   9.2196363060e-06   5.9126311327e-02   9.2196331456e-06   5.9113231652e-02      24.248400      24.248400
   666   9.2001854194e-06   5.8964492340e-02   9.2001891195e-06   5.8951505427e-02      24.276500      24.276500
   667   8.5785209302e-06   5.3792639737e-02   8.5785207531e-06   5.3780761611e-02      24.299500      24.299500
   668   1.0119971389e-05   6.6616525780e-02   1.0119789377e-05   6.6600305982e-02      24.333700      24.333700
   669   1.0122894144e-05   6.6640841241e-02   1.0122718417e-05   6.6624668355e-02      24.333800      24.333800
   670   1.0919012067e-05   7.3264035304e-02   1.0918958171e-05   7.3247414511e-02      24.342900      24.342900
   671   1.0918867309e-05   7.3262831008e-02   1.0918999611e-05   7.3247759194e-02      24.342900      24.342900
   672   1.0119156336e-05   6.6609745062e-02   1.0119165556e-05   6.6595117334e-02      24.350600      24.350600
   673   9.0236480868e-06   5.7495814171e-02   9.0236501472e-06   5.7483137647e-02      24.352900      24.352900
   674   9.4099888572e-06   6.0709923315e-02   9.4099416437e-06   6.0696127844e-02      24.360200      24.360200
   675   9.4216057498e-06   6.0806568462e-02   9.4216027123e-06   6.0793119104e-02      24.360300      24.360300
   676   1.1792275080e-05   8.0529027377e-02   1.1792270694e-05   8.0511215555e-02      24.385600      24.385600
   677   9.1067096459e-06   5.8186833440e-02   9.1059153294e-06   5.8167380574e-02      24.396700      24.396700
   678   9.1070781565e-06   5.8189899213e-02   9.1077407188e-06   5.8182563300e-02      24.396700      24.396700
   679   8.8674159355e-06   5.6196062179e-02   8.8673778363e-06   5.6183338382e-02      24.421300      24.421300
   680   8.8687349683e-06   5.6207035692e-02   8.8687834082e-06   5.6195029266e-02      24.421300      24.421300
   681   7.9982809304e-06   4.8965412502e-02   7.9982466216e-06   4.8954315485e-02      24.440800      24.440800
   682   8.0023657568e-06   4.8999395656e-02   8.0024113219e-06   4.8988955495e-02      24.440800      24.440800
   683   8.7937809766e-06   5.5583466221e-02   8.7937774112e-06   5.5571164813e-02      24.448700      24.448700
   684   1.0031123892e-05   6.5877371197e-02   1.0067826567e-05   6.6168103874e-02      24.468400      24.468400
   685   1.0337380953e-05   6.8425234879e-02   1.0368462016e-05   6.8668647527e-02      24.468500      24.468500
   686   9.3752854127e-06   6.0421212760e-02   9.3771632651e-06   6.0423492774e-02      24.468500      24.468500
   687   9.4355331855e-06   6.0922435857e-02   9.4355396954e-06   6.0909040347e-02      24.483800      24.483800
   688   9.5679148593e-06   6.2023767067e-02   9.5680153907e-06   6.2010910603e-02      24.527000      24.527000
   689   9.5599910317e-06   6.1957845868e-02   9.5599987309e-06   6.1944231814e-02      24.527100      24.527100
   690   1.0473310886e-05   6.9556085346e-02   1.0473318074e-05   6.9540790687e-02      24.529700      24.529700
   691   9.7628609831e-06   6.3645594652e-02   9.7628242456e-06   6.3631238637e-02      24.534000      24.534000
   692   1.2076991875e-05   8.2897689766e-02   1.2076952520e-05   8.2879064510e-02      24.541400      24.541400
   693   9.2782061315e-06   5.9613574972e-02   9.2782136165e-06   5.9600476338e-02      24.557800      24.557800
   694   9.2723897127e-06   5.9565186071e-02   9.2723778024e-06   5.9551936792e-02      24.557900      24.557900
   695   1.0059957758e-05   6.6117250594e-02   1.0059944792e-05   6.6102546991e-02      24.569200      24.569200
   696   9.6201797560e-06   6.2458577719e-02   9.6206169879e-06   6.2448425842e-02      24.574800      24.574800
   697   9.6151337778e-06   6.2416598394e-02   9.6155386857e-06   6.2406186923e-02      24.574800      24.574800
   698   1.0093228043e-05   6.6394038173e-02   1.0093228552e-05   6.6379385591e-02      24.579900      24.579900
   699   8.9409974693e-06   5.6808213675e-02   8.9412002665e-06   5.6797358486e-02      24.586700      24.586700
   700   8.9662703523e-06   5.7018467966e-02   8.9656037909e-06   5.7000335474e-02      24.586800      24.586800
   701   1.0029112605e-05   6.5860638567e-02   1.0029260173e-05   6.5847326823e-02      24.587400      24.587400
   702   7.7396647084e-06   4.6813890252e-02   7.7396785644e-06   4.6803668524e-02      24.593900      24.593900
   703   7.7401393013e-06   4.6817838563e-02   7.7401364900e-06   4.6807477333e-02      24.593900      24.593900
   704   1.0793205348e-05   7.2217403529e-02   1.0793133029e-05   7.2200860418e-02      24.633900      24.633900
   705   1.0798012107e-05   7.2257392698e-02   1.0798031695e-05   7.2241605208e-02      24.634000      24.634000
   706   1.0473719470e-05   6.9559484507e-02   1.0473724387e-05   6.9544170212e-02      24.767100      24.767100
   707   1.0473417508e-05   6.9556972377e-02   1.0473394923e-05   6.9541429886e-02      24.767100      24.767100
   708   1.0810536908e-05   7.2361591063e-02   1.0810537011e-05   7.2345618517e-02      25.363700      25.363700
   709   1.2201782901e-05   8.3935871626e-02   1.2201864079e-05   8.3918019856e-02      25.410100      25.410100
   710   1.2200203706e-05   8.3922733727e-02   1.2200176213e-05   8.3903980982e-02      25.410200      25.410200
   711   1.0729877883e-05   7.1690559354e-02   1.0729877924e-05   7.1674734335e-02      25.457600      25.457600
   712   6.1573905779e-06   3.3650377261e-02   6.1574057748e-06   3.3643070870e-02      25.792200      25.792200
   713   6.1570941036e-06   3.3647910784e-02   6.1570664192e-06   3.3640248271e-02      25.792200      25.792200
   714   6.6834007188e-06   3.8026446610e-02   6.6834009686e-06   3.8018050430e-02      25.833400      25.833400
   715   6.2155783249e-06   3.4134462256e-02   6.2155750326e-06   3.4126895279e-02      25.846600      25.846600
   716   6.2155836259e-06   3.4134506357e-02   6.2155804708e-06   3.4126940512e-02      25.846600      25.846600
   717   9.2733863056e-06   5.9573477090e-02   9.2733845076e-06   5.9560310091e-02      25.966800      25.966800
   718   1.0373898591e-05   6.8729038373e-02   1.0373895503e-05   6.8713840707e-02      26.030200      26.030200
   719   9.9976534950e-06   6.5598918809e-02   9.9976525901e-06   6.5584429882e-02      26.036700      26.036700
   720   9.9940532036e-06   6.5568966677e-02   9.9940619097e-06   6.5554564299e-02      26.036700      26.036700
   721   8.3127577523e-06   5.1581659365e-02   8.3127565585e-06   5.1570260578e-02      26.072600      26.072600
   722   8.3100013616e-06   5.1558727951e-02   8.3100400721e-06   5.1547666126e-02      26.072700      26.072700
   723   1.0861412519e-05   7.2784843746e-02   1.0861414560e-05   7.2768793933e-02      26.159200      26.159200
   724   9.7095437547e-06   6.3202029271e-02   9.7095371991e-06   6.3188022155e-02      26.168700      26.168700
   725   9.7027626755e-06   6.3145615011e-02   9.7026518989e-06   6.3130753481e-02      26.168700      26.168700
   726   9.4669839781e-06   6.1184086420e-02   9.4669747251e-06   6.1170502075e-02      26.172800      26.172800
   727   9.5156406571e-06   6.1588878998e-02   9.5153368408e-06   6.1572755308e-02      26.251000      26.251000
   728   9.5027611609e-06   6.1481729794e-02   9.5027642090e-06   6.1468182096e-02      26.251100      26.251100
   729   9.7495648656e-06   6.3534979423e-02   9.7495630722e-06   6.3520938461e-02      26.255900      26.255900
   730   7.5037443847e-06   4.4851183420e-02   7.5037450317e-06   4.4841284846e-02      26.473500      26.473500
   731   8.8530865500e-06   5.6076850819e-02   8.8529934379e-06   5.6063695751e-02      26.595800      26.595800
   732   8.8533238488e-06   5.6078824994e-02   8.8533823201e-06   5.6066930290e-02      26.595800      26.595800
   733   1.0037434796e-05   6.5929873896e-02   1.0037433544e-05   6.5915309070e-02      26.607000      26.607000
   734   9.6554920285e-06   6.2752353335e-02   9.6554928889e-06   6.2738507112e-02      26.647800      26.647800
   735   6.9764361767e-06   4.0464314981e-02   6.9764475458e-06   4.0455473435e-02      26.659500      26.659500
   736   6.9750465388e-06   4.0452754078e-02   6.9749915708e-06   4.0443363322e-02      26.659500      26.659500
   737   9.4569499849e-06   6.1100609987e-02   9.4569567464e-06   6.1087177260e-02      26.681600      26.681600
   738   8.1972727065e-06   5.0620897339e-02   8.1973184207e-06   5.0610100676e-02      26.709200      26.709200
   739   8.1970013545e-06   5.0618639863e-02   8.1969840119e-06   5.0607319222e-02      26.709300      26.709300
   740   8.6462383413e-06   5.4356005467e-02   8.6462084781e-06   5.4343756133e-02      26.734200      26.734200
   741   8.6460224668e-06   5.4354209528e-02   8.6460364160e-06   5.4342325002e-02      26.734200      26.734200
   742   7.9063861216e-06   4.8200906222e-02   7.9064241193e-06   4.8190579285e-02      26.753900      26.753900
   743   7.9067186768e-06   4.8203672870e-02   7.9067012401e-06   4.8192884245e-02      26.753900      26.753900
   744   7.6765975237e-06   4.6289211444e-02   7.6766015649e-06   4.6279023838e-02      26.758400      26.758400
   745   7.2032210280e-06   4.2351020501e-02   7.2032212110e-06   4.2341669662e-02      26.786600      26.786600
   746   8.7890403798e-06   5.5544027474e-02   8.7890367430e-06   5.5531734174e-02      26.804600      26.804600
   747   7.2321357546e-06   4.2591572609e-02   7.2321312281e-06   4.2582129528e-02      26.841000      26.841000
   748   7.2315532014e-06   4.2586726138e-02   7.2315669986e-06   4.2577436534e-02      26.841000      26.841000
   749   9.9240664516e-06   6.4986721476e-02   9.9240683222e-06   6.4972390701e-02      26.870100      26.870100
   750   1.0018075613e-05   6.5768817820e-02   1.0018082659e-05   6.5754357549e-02      26.884300      26.884300
   751   1.0018463988e-05   6.5772048857e-02   1.0018464553e-05   6.5757533955e-02      26.884300      26.884300
   752   8.2611007638e-06   5.1151906123e-02   8.2610716837e-06   5.1140370203e-02      26.920900      26.920900
   753   8.2615393659e-06   5.1155555013e-02   8.2615590986e-06   5.1144424289e-02      26.920900      26.920900
   754   9.5079414302e-06   6.1524826335e-02   9.5079370826e-06   6.1511207616e-02      27.087900      27.087900
   755   9.5129943226e-06   6.1566863181e-02   9.5129868621e-06   6.1553209296e-02      27.087900      27.087900
   756   8.7350696238e-06   5.5095025159e-02   8.7350674230e-06   5.5082842863e-02      27.094200      27.094200
   757   9.0478490818e-06   5.7697151036e-02   9.0478507622e-06   5.7684426931e-02      27.118400      27.118400
   758   9.5907159017e-06   6.2213457217e-02   9.5906861493e-06   6.2199475264e-02      27.140100      27.140100
   759   9.5914452280e-06   6.2219524748e-02   9.5914919249e-06   6.2206177325e-02      27.140100      27.140100
   760   9.6178950698e-06   6.2439570585e-02   9.6178923852e-06   6.2425763883e-02      27.181100      27.181100
   761   9.6224875306e-06   6.2477776934e-02   9.6224426986e-06   6.2463611241e-02      27.181100      27.181100
   762   9.3613353482e-06   6.0305157108e-02   9.3613349323e-06   6.0291840179e-02      27.191500      27.191500
   763   9.0461772650e-06   5.7683242585e-02   9.0461986336e-06   5.7670685306e-02      27.199800      27.199800
   764   9.0483201458e-06   5.7701069988e-02   9.0482949670e-06   5.7688121616e-02      27.199900      27.199900
   765   8.9477216554e-06   5.6864154621e-02   8.9477287940e-06   5.6851659693e-02      27.224200      27.224200
   766   1.1498051493e-05   7.8081274525e-02   1.1498032581e-05   7.8063881921e-02      27.229900      27.229900
   767   1.1497995736e-05   7.8080810665e-02   1.1498001919e-05   7.8063626890e-02      27.229900      27.229900
   768   1.1633862906e-05   7.9211138985e-02   1.1633854671e-05   7.9193585910e-02      27.250200      27.250200
   769   9.2714506339e-06   5.9557373534e-02   9.2714843931e-06   5.9544505836e-02      27.258400      27.258400
   770   9.2696296509e-06   5.9542224116e-02   9.2695676481e-06   5.9528563257e-02      27.258500      27.258500
   771   1.0523854916e-05   6.9976579485e-02   1.0523849087e-05   6.9961083785e-02      27.271400      27.271400
   772   1.0166682433e-05   6.7005131914e-02   1.0166682349e-05   6.6990339574e-02      27.283700      27.283700
   773   7.8345269152e-06   4.7603083393e-02   7.8345371457e-06   4.7592657396e-02      27.291000      27.291000
   774   9.0360985913e-06   5.7599394439e-02   9.0360616501e-06   5.7586370665e-02      27.291900      27.291900
   775   9.0339474189e-06   5.7581498055e-02   9.0339597344e-06   5.7568887923e-02      27.291900      27.291900
   776   8.9092470633e-06   5.6544070520e-02   8.9092182434e-06   5.6531347125e-02      27.301400      27.301400
   777   8.9130359299e-06   5.6575591477e-02   8.9130283201e-06   5.6563037543e-02      27.301400      27.301400
   778   9.3180942279e-06   5.9945418528e-02   9.3180751394e-06   5.9932025656e-02      27.309000      27.309000
   779   9.4538605179e-06   6.1074907589e-02   9.4540059426e-06   6.1062633868e-02      27.310100      27.310100
   780   9.4764450338e-06   6.1262796377e-02   9.4763862821e-06   6.1248782960e-02      27.310200      27.310200
   781   8.7620655480e-06   5.5319614054e-02   8.7621327164e-06   5.5307959189e-02      27.313100      27.313100
   782   8.7846061950e-06   5.5507137881e-02   8.7845039615e-06   5.5494032639e-02      27.313100      27.313100
   783   9.1832742216e-06   5.8823801945e-02   9.1833154228e-06   5.8811157989e-02      27.328500      27.328500
   784   8.7973026522e-06   5.5612764319e-02   8.7970817884e-06   5.5598649061e-02      27.328700      27.328700
   785   8.8624419142e-06   5.6154681490e-02   8.8614961955e-06   5.6134417672e-02      27.328700      27.328700
   786   9.0828186953e-06   5.7988075948e-02   9.0828224074e-06   5.7975304556e-02      27.340400      27.340400
   787   9.5486872063e-06   6.1863805241e-02   9.5486754535e-06   6.1850050141e-02      27.346300      27.346300
   788   8.6557967640e-06   5.4435525456e-02   8.6548066882e-06   5.4415271984e-02      27.350700      27.350700
   789   8.6562358453e-06   5.4439178333e-02   8.6577821251e-06   5.4440020262e-02      27.350700      27.350700
   790   8.3305108170e-06   5.1729353557e-02   8.3305204138e-06   5.1718011934e-02      27.365500      27.365500
   791   7.7145569572e-06   4.6605009753e-02   7.7145638100e-06   4.6594775861e-02      27.375000      27.375000
   792   7.7138984177e-06   4.6599531124e-02   7.7139010274e-06   4.6589263148e-02      27.375100      27.375100
   793   6.5905266365e-06   3.7253793397e-02   6.5905216451e-06   3.7245524090e-02      27.401100      27.401100
   794   6.9233885401e-06   4.0022992431e-02   6.9233886358e-06   4.0014154485e-02      27.412300      27.412300
   795   6.9220842301e-06   4.0012141402e-02   6.9220724827e-06   4.0003207345e-02      27.412300      27.412300
   796   8.6375710280e-06   5.4283898940e-02   8.6375580644e-06   5.4271806078e-02      27.424800      27.424800
   797   6.9123415563e-06   3.9931088562e-02   6.9123375459e-06   3.9922236739e-02      27.445300      27.445300
   798   6.6001475536e-06   3.7333833300e-02   6.6001106658e-06   3.7325281036e-02      27.446000      27.446000
   799   6.5985895409e-06   3.7320871627e-02   6.5986336476e-06   3.7312995896e-02      27.446100      27.446100
   800   6.8518351969e-06   3.9427714189e-02   6.8517684561e-06   3.9418451661e-02      27.448900      27.448900
   801   6.8507009207e-06   3.9418277733e-02   6.8507264039e-06   3.9409784363e-02      27.448900      27.448900
   802   6.3406840652e-06   3.5175262333e-02   6.3406824035e-06   3.5167479294e-02      27.475900      27.475900
   803   7.8203207709e-06   4.7484897321e-02   7.8205022802e-06   4.7475922014e-02      27.489700      27.489700
   804   7.8447795573e-06   4.7688378846e-02   7.8446700555e-06   4.7676938153e-02      27.489800      27.489800
   805   1.0128151667e-05   6.6684580480e-02   1.0128244077e-05   6.6670628187e-02      27.490100      27.490100
   806   7.6222289167e-06   4.5836899262e-02   7.6222858720e-06   4.5827251561e-02      27.522800      27.522800
   807   7.6231896171e-06   4.5844891677e-02   7.6231489540e-06   4.5834430269e-02      27.522800      27.522800
   808   1.1239343867e-05   7.5928991852e-02   1.1239325657e-05   7.5912079932e-02      27.533700      27.533700
   809   1.0396506584e-05   6.8917122470e-02   1.0396504267e-05   6.8901889724e-02      27.559100      27.559100
   810   9.0116154307e-06   5.7395710137e-02   9.0115842135e-06   5.7382778910e-02      27.559900      27.559900
   811   9.0082988009e-06   5.7368117889e-02   9.0083439947e-06   5.7355828300e-02      27.560000      27.560000
   812   9.1808883876e-06   5.8803953325e-02   9.1810834371e-06   5.8792593386e-02      27.560100      27.560100
   813   9.4214294913e-06   6.0805102104e-02   9.4214583531e-06   6.0791918393e-02      27.567400      27.567400
   814   9.4267286846e-06   6.0849188017e-02   9.4266329620e-06   6.0834958345e-02      27.567400      27.567400
   815   8.6732941534e-06   5.4581092591e-02   8.6732918569e-06   5.4569022885e-02      27.580900      27.580900
   816   8.6695448231e-06   5.4549900551e-02   8.6695884910e-06   5.4538220037e-02      27.581000      27.581000
   817   9.0624848426e-06   5.7818911244e-02   9.0624719657e-06   5.7806039195e-02      27.612000      27.612000
   818   9.8401449281e-06   6.4288547851e-02   9.8401622079e-06   6.4274499277e-02      27.618900      27.618900
   819   8.4701910995e-06   5.2891404543e-02   8.4701143404e-06   5.2879088276e-02      27.622000      27.622000
   820   8.4706747449e-06   5.2895428164e-02   8.4706170617e-06   5.2883269675e-02      27.622000      27.622000
   821   8.9114467443e-06   5.6562370465e-02   8.9114034083e-06   5.6549522294e-02      27.639800      27.639800
   822   8.9061782411e-06   5.6518539874e-02   8.9061421809e-06   5.6505761890e-02      27.639800      27.639800
   823   1.0026740250e-05   6.5840902087e-02   1.0026727432e-05   6.5826260683e-02      27.642400      27.642400
   824   1.0064514045e-05   6.6155155999e-02   1.0064518873e-05   6.6140592037e-02      27.654600      27.654600
   825   8.9149513649e-06   5.6591526676e-02   8.9149105172e-06   5.6578692770e-02      27.664700      27.664700
   826   8.9164640327e-06   5.6604111109e-02   8.9164246367e-06   5.6591286500e-02      27.664800      27.664800
   827   1.2219567027e-05   8.4083824225e-02   1.2219557262e-05   8.4065183394e-02      27.715400      27.715400
   828   1.1275283156e-05   7.6227983844e-02   1.1274873531e-05   7.6207750355e-02      27.723300      27.723300
   829   1.1276650901e-05   7.6239362616e-02   1.1277092912e-05   7.6226210116e-02      27.723300      27.723300
   830   1.1859642391e-05   8.1089480498e-02   1.1859348149e-05   8.1069134139e-02      27.761300      27.761300
   831   1.1863140333e-05   8.1118581140e-02   1.1863396720e-05   8.1102808242e-02      27.761300      27.761300
   832   1.0303581000e-05   6.8144040800e-02   1.0303566010e-05   6.8128873210e-02      27.918500      27.918400
   833   1.0302718349e-05   6.8136864092e-02   1.0302664482e-05   6.8121374720e-02      27.918500      27.918500
   834   1.1498055024e-05   7.8081303899e-02   1.1498047348e-05   7.8064004747e-02      27.937900      27.937900
   835   1.1276235921e-05   7.6235910244e-02   1.1276225748e-05   7.6218997454e-02      27.939600      27.939600
   836   1.0803543051e-05   7.2303406627e-02   1.0803543038e-05   7.2287445953e-02      28.015400      28.015400
   837   9.1500099615e-06   5.8547064487e-02   9.1500108922e-06   5.8534146636e-02      28.054100      28.054100
   838   9.1500513714e-06   5.8547408991e-02   9.1501040861e-06   5.8534921778e-02      28.054100      28.054100
   839   9.0695905315e-06   5.7878026050e-02   9.0696038670e-06   5.7865358981e-02      28.082500      28.082500
   840   9.0701263914e-06   5.7882484063e-02   9.0701185210e-06   5.7869639630e-02      28.082500      28.082500
   841   8.8025814090e-06   5.5656680213e-02   8.8025983997e-06   5.5644533628e-02      28.123800      28.123800
   842   8.8021106746e-06   5.5652764003e-02   8.8021151812e-06   5.5640514445e-02      28.123800      28.123800
   843   8.8538301421e-06   5.6083037031e-02   8.8538345628e-06   5.6070691831e-02      28.130400      28.130400
   844   1.3840880447e-05   9.7572119242e-02   1.3840883795e-05   9.7550611638e-02      28.201300      28.201300
   845   1.1031699957e-05   7.4201526771e-02   1.1031538173e-05   7.4183801788e-02      28.209900      28.209900
   846   1.1035099603e-05   7.4229809659e-02   1.1035137635e-05   7.4213740414e-02      28.210000      28.210000
   847   7.0834906629e-06   4.1354940121e-02   7.0834957141e-06   4.1345849533e-02      28.293600      28.293600
   848   6.2807392102e-06   3.4676559319e-02   6.2806359785e-06   3.4668041495e-02      28.353700      28.353700
   849   6.2859138873e-06   3.4719609337e-02   6.2859117144e-06   3.4711922574e-02      28.353800      28.353800
   850   5.5831450606e-06   2.8873020303e-02   5.5831473778e-06   2.8866660783e-02      28.359500      28.359500
   851   5.5150036273e-06   2.8306126978e-02   5.5150039831e-06   2.8299876215e-02      28.367800      28.367800
   852   7.1845668101e-06   4.2195829288e-02   7.1845320010e-06   4.2186221642e-02      28.407400      28.407400
   853   7.1805103354e-06   4.2162082003e-02   7.1805310535e-06   4.2152943650e-02      28.407500      28.407500
   854   6.8966915818e-06   3.9800890741e-02   6.8966919561e-06   3.9792104114e-02      28.428000      28.428000
   855   3.2938198632e-05   2.5644964316e-01   3.2938197724e-05   2.5639304800e-01      29.325100      29.325100
   856   8.7836656612e-06   5.5499313239e-02   8.7836663699e-06   5.5487065947e-02      29.792300      29.792300
   857   8.5919462583e-06   5.3904329916e-02   8.5919602139e-06   5.3892544697e-02      29.820600      29.820600
   858   8.5925487598e-06   5.3909342345e-02   8.5925268183e-06   5.3897257445e-02      29.820700      29.820700
   859   8.9916209419e-06   5.7229368725e-02   8.9916151549e-06   5.7216685713e-02      29.925700      29.925700
   860   8.9975347841e-06   5.7278568125e-02   8.9977960444e-06   5.7268095432e-02      29.925900      29.925900
