&CONTROL
  calculation = 'scf',
  prefix      = 'diamond_pd',
  outdir      = './tmp',
  pseudo_dir  = '../../pseudos/',
  verbosity = 'low',
  tprnfor = .true.,
  tstress = .true.,
  forc_conv_thr = 5.0d-4,
  etot_conv_thr = 1.0d-4,
  restart_mode = 'from_scratch',
  nstep         = 140,
  disk_io = 'nowf',
/

&SYSTEM
  ibrav =  0,
  nat  = 215,
  ntyp = 2,
  ecutwfc = 45.0,
  ecutrho = 180.0,
  occupations = 'from_input',
  !smearing    = 'gaussian'
  !degauss     = 0.005
  nspin       = 2
  !starting_magnetization(1) = 0.0
  !starting_magnetization(2) = 0.1
  tot_magnetization = 2.0
  nbnd = 862,
  tot_charge = -1.0
/

&ELECTRONS
  conv_thr = 1.0d-8,
  electron_maxstep = 100,
  mixing_beta = 0.7,
  mixing_mode = 'plain',
  scf_must_converge = .TRUE.,
  startingwfc = 'random',
/

ATOMIC_SPECIES
  C  12.0107 C.pbe-n-kjpaw_psl.1.0.0.UPF
  N  14.0067 N.pbe-n-kjpaw_psl.1.0.0.UPF

K_POINTS (automatic)
1 1 1 0 0 0

CELL_PARAMETERS {angstrom}
  -7.5777929652   0.0000000000   7.5777929652
   4.3750408084   8.7500816165   4.3750408084
  -6.1872420470   6.1872420472  -6.1872420470

ATOMIC_POSITIONS (crystal)
C     0.0001186166   0.0000889999   0.0000889995
C     0.0002489670   0.0002944265   0.3334050212
C     0.0000459394   0.0000487974   0.6667478737
C     0.0002489670   0.3334050222   0.0002944260
C     0.0006398656   0.3338566826   0.3338566838
C    -0.0000668610   0.3334127743   0.6668098358
C     0.0000459393   0.6667478749   0.0000487972
C    -0.0000668585   0.6668098359   0.3334127743
C     0.0003249624   0.6664723978   0.6664723995
C     0.3333904675   0.0001272562   0.0001272546
C     0.3334158067   0.0000022278   0.3334864650
C     0.3333905996   0.0001748949   0.6665939469
C     0.3334158066   0.3334864677   0.0000022259
C     0.3368114853   0.3338083782   0.3338083781
C     0.3321281132   0.3347366649   0.6657005009
C     0.3333905999   0.6665939485   0.0001748932
C     0.3321281205   0.6657005108   0.3347366574
C     0.3341531131   0.6662649464   0.6662649481
C     0.6666933069   0.0000039909   0.0000039889
C     0.6667488765  -0.0001931888   0.3333680515
C     0.6666466203   0.0002245797   0.6666925615
C     0.6667488746   0.3333680541  -0.0001931914
C     0.6673543329   0.3330221795   0.3330221764
C     0.6657879836   0.3336795445   0.6658511187
C     0.6666466209   0.6666925636   0.0002245777
C     0.6657879852   0.6658511236   0.3336795435
C     0.6667837497   0.6667964143   0.6667964116
C     0.1667717650   0.1668175561   0.0002240636
C     0.1676104700   0.1676730689   0.3336784064
C     0.1666673479   0.1666796146   0.6667963538
C     0.1668703705   0.5000738848   0.0001747422
C     0.1677604917   0.5013326437   0.3347354207
C     0.1671976378   0.4993090748   0.6662651225
C     0.1667166641   0.8334184042   0.0000486433
C     0.1666543512   0.8335306878   0.3334132623
C     0.1669920220   0.8331390845   0.6664721933
C     0.5000962583   0.1667153099  -0.0001932398
C     0.5004414354   0.1661085194   0.3330214253
C     0.4997838836   0.1676748492   0.6658518349
C     0.4999778873   0.5000485936   0.0000024485
C     0.4996487259   0.4966467851   0.3338102564
C     0.4987242829   0.5013338258   0.6656996295
C     0.5000592559   0.8332150536   0.0002948579
C     0.4996063317   0.8328226271   0.3338575499
C     0.5000510303   0.8335303599   0.6668099202
C     0.8334602796   0.1667709497   0.0000038854
C     0.8336569810   0.1667153946   0.3333680575
C     0.8332396986   0.1668178616   0.6666924541
C     0.8333364184   0.5000739061   0.0001274861
C     0.8334614939   0.5000485818   0.3334866051
C     0.8332889945   0.5000738144   0.6665937860
C     0.8333753561   0.8333457177   0.0000891286
C     0.8331691222   0.8332147483   0.3334050861
C     0.8334156648   0.8334186196   0.6667479324
C     0.1667717650   0.0002240642   0.1668175557
C     0.1668703699   0.0001747429   0.5000738831
C     0.1667166639   0.0000486443   0.8334184037
C     0.1676104717   0.3336784053   0.1676730674
C     0.1677604969   0.3347354275   0.5013326502
C     0.1666543486   0.3334132613   0.8335306876
C     0.1666673497   0.6667963545   0.1666796138
C     0.1671976397   0.6662651197   0.4993090870
C     0.1669920208   0.6664721926   0.8331390841
C     0.5000962591  -0.0001932376   0.1667153068
C     0.4999778878   0.0000024514   0.5000485912
C     0.5000592555   0.0002948601   0.8332150520
C     0.5004414348   0.3330214292   0.1661085184
C     0.4996487283   0.3338102530   0.4966467762
C     0.4996063281   0.3338575515   0.8328226236
C     0.4997838859   0.6658518378   0.1676748471
C     0.4987242897   0.6656996383   0.5013338295
C     0.5000510304   0.6668099223   0.8335303569
C     0.8334602799   0.0000038873   0.1667709484
C     0.8333364201   0.0001274869   0.5000739047
C     0.8333753555   0.0000891295   0.8333457160
C     0.8336569809   0.3333680593   0.1667153932
C     0.8334614932   0.3334866076   0.5000485792
C     0.8331691203   0.3334050877   0.8332147463
C     0.8332396998   0.6666924564   0.1668178603
C     0.8332889955   0.6665937885   0.5000738123
C     0.8334156639   0.6667479337   0.8334186190
C     0.0003831869   0.1669413679   0.1669413672
C    -0.0002199490   0.1664601094   0.5002285180
C     0.0000732131   0.1667973822   0.8333911391
C    -0.0002199493   0.5002285179   0.1664601068
C     0.0005092027   0.5001679025   0.5001679041
C    -0.0004442002   0.4999640832   0.8339085184
C     0.0000732142   0.8333911404   0.1667973818
C    -0.0004441982   0.8339085182   0.4999640845
C     0.0001756272   0.8332889243   0.8332889245
C     0.3336120573   0.1663646902   0.1663646880
C     0.3334743856   0.1671595345   0.4999876849
C     0.3332354220   0.1664608951   0.8336834188
C     0.3334743887   0.4999876866   0.1671595342
C     0.3332959618   0.5001681825   0.8329542716
C     0.3332354244   0.8336834216   0.1664608925
C     0.3332959645   0.8329542736   0.5001681823
C     0.3335004171   0.8339079962   0.8339079945
C     0.6668912014   0.1665730432   0.1665730402
C     0.6670981115   0.1663658983   0.4998515235
C     0.6665224506   0.1669417821   0.8330804463
C     0.6670981104   0.4998515255   0.1663658974
C     0.6663021294   0.4999880316   0.4999880271
C     0.6670028244   0.5002290162   0.8336828503
C     0.6665224521   0.8330804486   0.1669417799
C     0.6670028262   0.8336828544   0.5002290143
C     0.6666672668   0.8333914662   0.8333914642
C     0.0835084300   0.0835280942   0.0835280936
C     0.0837492727   0.0837732732   0.4168927911
C     0.0833754365   0.0833378448   0.7500892979
C     0.0837492738   0.4168927921   0.0837732724
C     0.0842164924   0.4172741065   0.4172741072
C     0.0824538073   0.4170363282   0.7510102750
C     0.0833754376   0.7500892984   0.0833378452
C     0.0824538102   0.7510102725   0.4170363304
C     0.0835776437   0.7498871460   0.7498871459
C     0.4167985320   0.0831974919   0.0831974897
C     0.4167998416   0.0833246677   0.4166643243
C     0.4165714556   0.0837743827   0.7497147264
C     0.4167998412   0.4166643280   0.0833246659
C     0.4161882364   0.4172747373   0.7492455327
C     0.4165714570   0.7497147286   0.0837743802
C     0.4161882393   0.7492455356   0.4172747378
C     0.4164278652   0.7510097325   0.7510097319
C     0.7501488121   0.0833160031   0.0833160012
C     0.7502665508   0.0831979984   0.4166660053
C     0.7499365749   0.0835284547   0.7499561319
C     0.7502665494   0.4166660078   0.0831979973
C     0.7501392021   0.4166646808   0.4166646775
C     0.7496897896   0.4168931158   0.7497140853
C     0.7499365760   0.7499561340   0.0835284530
C     0.7496897919   0.7497140894   0.4168931136
C     0.7501269989   0.7500894548   0.7500894534
C     0.2502720648   0.2501605585   0.0835567845
C     0.2514561343   0.2515637537   0.4176021529
C     0.2502761810   0.2493390428   0.7507642887
C     0.2500972539   0.5833670253   0.0835550349
C     0.2432536805   0.5902051038   0.4110092030
C     0.2502813419   0.5831820385   0.7495533975
C     0.2501324838   0.9169587870   0.0832616573
C     0.2500885037   0.9166785954   0.4168097866
C     0.2500879956   0.9167938808   0.7500782909
C     0.5836122803   0.2498521893   0.0829847798
C     0.5844332923   0.2490296794   0.4162805876
C     0.5829753394   0.2504888818   0.7495593336
C     0.5833035364   0.5831921461   0.0835578861
C     0.5818954315   0.5820035538   0.4176033209
C     0.5841243056   0.5831875204   0.7507633466
C     0.5833359288   0.9164990776   0.0834951558
C     0.5833135711   0.9165478312   0.4167967094
C     0.5833614130   0.9168879750   0.7500208532
C     0.9169654299   0.2501286379   0.0834948107
C     0.9169159716   0.2501507068   0.4167964090
C     0.9165767560   0.2501035953   0.7500206376
C     0.9165054651   0.5833320920   0.0832613403
C     0.9167859490   0.5833762689   0.4168096138
C     0.9166708204   0.5833768302   0.7500784136
C     0.9167610455   0.9167038224   0.0834246392
C     0.9164556581   0.9170086399   0.4168183533
C     0.9167879543   0.9166771194   0.7500216847
C     0.2502720644   0.0835567870   0.2501605575
C     0.2500972530   0.0835550352   0.5833670237
C     0.2501324833   0.0832616586   0.9169587859
C     0.2514561353   0.4176021504   0.2515637537
C     0.2432537069   0.4110092353   0.5902050789
C     0.2500885028   0.4168097880   0.9166785943
C     0.2502761836   0.7507642920   0.2493390406
C     0.2502813439   0.7495533956   0.5831820411
C     0.2500879955   0.7500782915   0.9167938788
C     0.5836122813   0.0829847816   0.2498521861
C     0.5833035354   0.0835578891   0.5831921436
C     0.5833359284   0.0834951582   0.9164990758
C     0.5844332913   0.4162805913   0.2490296796
C     0.5818954285   0.4176033195   0.5820035469
C     0.5833135686   0.4167967119   0.9165478263
C     0.5829753422   0.7495593375   0.2504888791
C     0.5841243079   0.7507633514   0.5831875198
C     0.5833614133   0.7500208548   0.9168879726
C     0.9169654300   0.0834948118   0.2501286366
C     0.9165054652   0.0832613414   0.5833320907
C     0.9167610452   0.0834246396   0.9167038210
C     0.9169159728   0.4167964107   0.2501507059
C     0.9167859473   0.4168096158   0.5833762666
C     0.9164556561   0.4168183545   0.9170086399
C     0.9165767588   0.7500206383   0.2501035956
C     0.9166708221   0.7500784134   0.5833768295
C     0.9167879542   0.7500216856   0.9166771192
C     0.0839037162   0.2504878753   0.2504878750
C     0.0826990152   0.2493382650   0.5831872872
C     0.0834440661   0.2501036404   0.9168877031
C     0.0826990145   0.5831872857   0.2493382624
C     0.0839103791   0.5831823092   0.5831823136
C     0.0833864273   0.5833768691   0.9167939299
C     0.0834440674   0.9168877027   0.2501036413
C     0.0833864282   0.9167939301   0.5833768682
C     0.0834431324   0.9166770767   0.9166770763
C     0.4171820353   0.2490283964   0.2490283949
C     0.4158584431   0.2515656279   0.5820042478
C     0.4166680795   0.2501512005   0.9165479412
C     0.4158584456   0.5820042527   0.2515656263
C     0.4224480107   0.5902039336   0.5902039361
C     0.4166552237   0.5833763611   0.9166786627
C     0.4166680807   0.9165479443   0.2501511978
C     0.4166552238   0.9166786657   0.5833763587
C     0.4166464371   0.9170087299   0.9170087285
C     0.7504793379   0.2498524440   0.2498524420
C     0.7499066356   0.2501613649   0.5831920106
C     0.7499697262   0.2501287883   0.9164989559
C     0.7499066364   0.5831920137   0.2501613628
C     0.7499087673   0.5833669459   0.5833669434
C     0.7502028629   0.5833322487   0.9169586062
C     0.7499697276   0.9164989580   0.2501287866
C     0.7502028642   0.9169586083   0.5833322471
C     0.7500404501   0.9167040505   0.9167040490
N     0.4235236042   0.4099326586   0.4099326611

OCCUPATIONS
1.0 1.0 1.0 1.0 1.0 1.0 1.0 1.0 1.0 1.0
1.0 1.0 1.0 1.0 1.0 1.0 1.0 1.0 1.0 1.0
1.0 1.0 1.0 1.0 1.0 1.0 1.0 1.0 1.0 1.0
1.0 1.0 1.0 1.0 1.0 1.0 1.0 1.0 1.0 1.0
1.0 1.0 1.0 1.0 1.0 1.0 1.0 1.0 1.0 1.0
1.0 1.0 1.0 1.0 1.0 1.0 1.0 1.0 1.0 1.0
1.0 1.0 1.0 1.0 1.0 1.0 1.0 1.0 1.0 1.0
1.0 1.0 1.0 1.0 1.0 1.0 1.0 1.0 1.0 1.0
1.0 1.0 1.0 1.0 1.0 1.0 1.0 1.0 1.0 1.0
1.0 1.0 1.0 1.0 1.0 1.0 1.0 1.0 1.0 1.0
1.0 1.0 1.0 1.0 1.0 1.0 1.0 1.0 1.0 1.0
1.0 1.0 1.0 1.0 1.0 1.0 1.0 1.0 1.0 1.0
1.0 1.0 1.0 1.0 1.0 1.0 1.0 1.0 1.0 1.0
1.0 1.0 1.0 1.0 1.0 1.0 1.0 1.0 1.0 1.0
1.0 1.0 1.0 1.0 1.0 1.0 1.0 1.0 1.0 1.0
1.0 1.0 1.0 1.0 1.0 1.0 1.0 1.0 1.0 1.0
1.0 1.0 1.0 1.0 1.0 1.0 1.0 1.0 1.0 1.0
1.0 1.0 1.0 1.0 1.0 1.0 1.0 1.0 1.0 1.0
1.0 1.0 1.0 1.0 1.0 1.0 1.0 1.0 1.0 1.0
1.0 1.0 1.0 1.0 1.0 1.0 1.0 1.0 1.0 1.0
1.0 1.0 1.0 1.0 1.0 1.0 1.0 1.0 1.0 1.0
1.0 1.0 1.0 1.0 1.0 1.0 1.0 1.0 1.0 1.0
1.0 1.0 1.0 1.0 1.0 1.0 1.0 1.0 1.0 1.0
1.0 1.0 1.0 1.0 1.0 1.0 1.0 1.0 1.0 1.0
1.0 1.0 1.0 1.0 1.0 1.0 1.0 1.0 1.0 1.0
1.0 1.0 1.0 1.0 1.0 1.0 1.0 1.0 1.0 1.0
1.0 1.0 1.0 1.0 1.0 1.0 1.0 1.0 1.0 1.0
1.0 1.0 1.0 1.0 1.0 1.0 1.0 1.0 1.0 1.0
1.0 1.0 1.0 1.0 1.0 1.0 1.0 1.0 1.0 1.0
1.0 1.0 1.0 1.0 1.0 1.0 1.0 1.0 1.0 1.0
1.0 1.0 1.0 1.0 1.0 1.0 1.0 1.0 1.0 1.0
1.0 1.0 1.0 1.0 1.0 1.0 1.0 1.0 1.0 1.0
1.0 1.0 1.0 1.0 1.0 1.0 1.0 1.0 1.0 1.0
1.0 1.0 1.0 1.0 1.0 1.0 1.0 1.0 1.0 1.0
1.0 1.0 1.0 1.0 1.0 1.0 1.0 1.0 1.0 1.0
1.0 1.0 1.0 1.0 1.0 1.0 1.0 1.0 1.0 1.0
1.0 1.0 1.0 1.0 1.0 1.0 1.0 1.0 1.0 1.0
1.0 1.0 1.0 1.0 1.0 1.0 1.0 1.0 1.0 1.0
1.0 1.0 1.0 1.0 1.0 1.0 1.0 1.0 1.0 1.0
1.0 1.0 1.0 1.0 1.0 1.0 1.0 1.0 1.0 1.0
1.0 1.0 1.0 1.0 1.0 1.0 1.0 1.0 1.0 1.0
1.0 1.0 1.0 1.0 1.0 1.0 1.0 1.0 1.0 1.0
1.0 1.0 1.0 1.0 1.0 1.0 1.0 1.0 1.0 1.0
1.0 1.0 0.0 0.0 0.0 0.0 0.0 0.0 0.0 0.0
0.0 0.0 0.0 0.0 0.0 0.0 0.0 0.0 0.0 0.0
0.0 0.0 0.0 0.0 0.0 0.0 0.0 0.0 0.0 0.0
0.0 0.0 0.0 0.0 0.0 0.0 0.0 0.0 0.0 0.0
0.0 0.0 0.0 0.0 0.0 0.0 0.0 0.0 0.0 0.0
0.0 0.0 0.0 0.0 0.0 0.0 0.0 0.0 0.0 0.0
0.0 0.0 0.0 0.0 0.0 0.0 0.0 0.0 0.0 0.0
0.0 0.0 0.0 0.0 0.0 0.0 0.0 0.0 0.0 0.0
0.0 0.0 0.0 0.0 0.0 0.0 0.0 0.0 0.0 0.0
0.0 0.0 0.0 0.0 0.0 0.0 0.0 0.0 0.0 0.0
0.0 0.0 0.0 0.0 0.0 0.0 0.0 0.0 0.0 0.0
0.0 0.0 0.0 0.0 0.0 0.0 0.0 0.0 0.0 0.0
0.0 0.0 0.0 0.0 0.0 0.0 0.0 0.0 0.0 0.0
0.0 0.0 0.0 0.0 0.0 0.0 0.0 0.0 0.0 0.0
0.0 0.0 0.0 0.0 0.0 0.0 0.0 0.0 0.0 0.0
0.0 0.0 0.0 0.0 0.0 0.0 0.0 0.0 0.0 0.0
0.0 0.0 0.0 0.0 0.0 0.0 0.0 0.0 0.0 0.0
0.0 0.0 0.0 0.0 0.0 0.0 0.0 0.0 0.0 0.0
0.0 0.0 0.0 0.0 0.0 0.0 0.0 0.0 0.0 0.0
0.0 0.0 0.0 0.0 0.0 0.0 0.0 0.0 0.0 0.0
0.0 0.0 0.0 0.0 0.0 0.0 0.0 0.0 0.0 0.0
0.0 0.0 0.0 0.0 0.0 0.0 0.0 0.0 0.0 0.0
0.0 0.0 0.0 0.0 0.0 0.0 0.0 0.0 0.0 0.0
0.0 0.0 0.0 0.0 0.0 0.0 0.0 0.0 0.0 0.0
0.0 0.0 0.0 0.0 0.0 0.0 0.0 0.0 0.0 0.0
0.0 0.0 0.0 0.0 0.0 0.0 0.0 0.0 0.0 0.0
0.0 0.0 0.0 0.0 0.0 0.0 0.0 0.0 0.0 0.0
0.0 0.0 0.0 0.0 0.0 0.0 0.0 0.0 0.0 0.0
0.0 0.0 0.0 0.0 0.0 0.0 0.0 0.0 0.0 0.0
0.0 0.0 0.0 0.0 0.0 0.0 0.0 0.0 0.0 0.0
0.0 0.0 0.0 0.0 0.0 0.0 0.0 0.0 0.0 0.0
0.0 0.0 0.0 0.0 0.0 0.0 0.0 0.0 0.0 0.0
0.0 0.0 0.0 0.0 0.0 0.0 0.0 0.0 0.0 0.0
0.0 0.0 0.0 0.0 0.0 0.0 0.0 0.0 0.0 0.0
0.0 0.0 0.0 0.0 0.0 0.0 0.0 0.0 0.0 0.0
0.0 0.0 0.0 0.0 0.0 0.0 0.0 0.0 0.0 0.0
0.0 0.0 0.0 0.0 0.0 0.0 0.0 0.0 0.0 0.0
0.0 0.0 0.0 0.0 0.0 0.0 0.0 0.0 0.0 0.0
0.0 0.0 0.0 0.0 0.0 0.0 0.0 0.0 0.0 0.0
0.0 0.0 0.0 0.0 0.0 0.0 0.0 0.0 0.0 0.0
0.0 0.0 0.0 0.0 0.0 0.0 0.0 0.0 0.0 0.0
0.0 0.0 0.0 0.0 0.0 0.0 0.0 0.0 0.0 0.0
0.0 0.0 0.0 0.0 0.0 0.0 0.0 0.0 0.0 0.0
0.0 0.0

1.0 1.0 1.0 1.0 1.0 1.0 1.0 1.0 1.0 1.0
1.0 1.0 1.0 1.0 1.0 1.0 1.0 1.0 1.0 1.0
1.0 1.0 1.0 1.0 1.0 1.0 1.0 1.0 1.0 1.0
1.0 1.0 1.0 1.0 1.0 1.0 1.0 1.0 1.0 1.0
1.0 1.0 1.0 1.0 1.0 1.0 1.0 1.0 1.0 1.0
1.0 1.0 1.0 1.0 1.0 1.0 1.0 1.0 1.0 1.0
1.0 1.0 1.0 1.0 1.0 1.0 1.0 1.0 1.0 1.0
1.0 1.0 1.0 1.0 1.0 1.0 1.0 1.0 1.0 1.0
1.0 1.0 1.0 1.0 1.0 1.0 1.0 1.0 1.0 1.0
1.0 1.0 1.0 1.0 1.0 1.0 1.0 1.0 1.0 1.0
1.0 1.0 1.0 1.0 1.0 1.0 1.0 1.0 1.0 1.0
1.0 1.0 1.0 1.0 1.0 1.0 1.0 1.0 1.0 1.0
1.0 1.0 1.0 1.0 1.0 1.0 1.0 1.0 1.0 1.0
1.0 1.0 1.0 1.0 1.0 1.0 1.0 1.0 1.0 1.0
1.0 1.0 1.0 1.0 1.0 1.0 1.0 1.0 1.0 1.0
1.0 1.0 1.0 1.0 1.0 1.0 1.0 1.0 1.0 1.0
1.0 1.0 1.0 1.0 1.0 1.0 1.0 1.0 1.0 1.0
1.0 1.0 1.0 1.0 1.0 1.0 1.0 1.0 1.0 1.0
1.0 1.0 1.0 1.0 1.0 1.0 1.0 1.0 1.0 1.0
1.0 1.0 1.0 1.0 1.0 1.0 1.0 1.0 1.0 1.0
1.0 1.0 1.0 1.0 1.0 1.0 1.0 1.0 1.0 1.0
1.0 1.0 1.0 1.0 1.0 1.0 1.0 1.0 1.0 1.0
1.0 1.0 1.0 1.0 1.0 1.0 1.0 1.0 1.0 1.0
1.0 1.0 1.0 1.0 1.0 1.0 1.0 1.0 1.0 1.0
1.0 1.0 1.0 1.0 1.0 1.0 1.0 1.0 1.0 1.0
1.0 1.0 1.0 1.0 1.0 1.0 1.0 1.0 1.0 1.0
1.0 1.0 1.0 1.0 1.0 1.0 1.0 1.0 1.0 1.0
1.0 1.0 1.0 1.0 1.0 1.0 1.0 1.0 1.0 1.0
1.0 1.0 1.0 1.0 1.0 1.0 1.0 1.0 1.0 1.0
1.0 1.0 1.0 1.0 1.0 1.0 1.0 1.0 1.0 1.0
1.0 1.0 1.0 1.0 1.0 1.0 1.0 1.0 1.0 1.0
1.0 1.0 1.0 1.0 1.0 1.0 1.0 1.0 1.0 1.0
1.0 1.0 1.0 1.0 1.0 1.0 1.0 1.0 1.0 1.0
1.0 1.0 1.0 1.0 1.0 1.0 1.0 1.0 1.0 1.0
1.0 1.0 1.0 1.0 1.0 1.0 1.0 1.0 1.0 1.0
1.0 1.0 1.0 1.0 1.0 1.0 1.0 1.0 1.0 1.0
1.0 1.0 1.0 1.0 1.0 1.0 1.0 1.0 1.0 1.0
1.0 1.0 1.0 1.0 1.0 1.0 1.0 1.0 1.0 1.0
1.0 1.0 1.0 1.0 1.0 1.0 1.0 1.0 1.0 1.0
1.0 1.0 1.0 1.0 1.0 1.0 1.0 1.0 1.0 1.0
1.0 1.0 1.0 1.0 1.0 1.0 1.0 1.0 1.0 1.0
1.0 1.0 1.0 1.0 1.0 1.0 1.0 1.0 1.0 1.0
1.0 1.0 1.0 1.0 1.0 1.0 1.0 1.0 1.0 0.0
0.5 0.5 0.0 0.0 0.0 0.0 0.0 0.0 0.0 0.0
0.0 0.0 0.0 0.0 0.0 0.0 0.0 0.0 0.0 0.0
0.0 0.0 0.0 0.0 0.0 0.0 0.0 0.0 0.0 0.0
0.0 0.0 0.0 0.0 0.0 0.0 0.0 0.0 0.0 0.0
0.0 0.0 0.0 0.0 0.0 0.0 0.0 0.0 0.0 0.0
0.0 0.0 0.0 0.0 0.0 0.0 0.0 0.0 0.0 0.0
0.0 0.0 0.0 0.0 0.0 0.0 0.0 0.0 0.0 0.0
0.0 0.0 0.0 0.0 0.0 0.0 0.0 0.0 0.0 0.0
0.0 0.0 0.0 0.0 0.0 0.0 0.0 0.0 0.0 0.0
0.0 0.0 0.0 0.0 0.0 0.0 0.0 0.0 0.0 0.0
0.0 0.0 0.0 0.0 0.0 0.0 0.0 0.0 0.0 0.0
0.0 0.0 0.0 0.0 0.0 0.0 0.0 0.0 0.0 0.0
0.0 0.0 0.0 0.0 0.0 0.0 0.0 0.0 0.0 0.0
0.0 0.0 0.0 0.0 0.0 0.0 0.0 0.0 0.0 0.0
0.0 0.0 0.0 0.0 0.0 0.0 0.0 0.0 0.0 0.0
0.0 0.0 0.0 0.0 0.0 0.0 0.0 0.0 0.0 0.0
0.0 0.0 0.0 0.0 0.0 0.0 0.0 0.0 0.0 0.0
0.0 0.0 0.0 0.0 0.0 0.0 0.0 0.0 0.0 0.0
0.0 0.0 0.0 0.0 0.0 0.0 0.0 0.0 0.0 0.0
0.0 0.0 0.0 0.0 0.0 0.0 0.0 0.0 0.0 0.0
0.0 0.0 0.0 0.0 0.0 0.0 0.0 0.0 0.0 0.0
0.0 0.0 0.0 0.0 0.0 0.0 0.0 0.0 0.0 0.0
0.0 0.0 0.0 0.0 0.0 0.0 0.0 0.0 0.0 0.0
0.0 0.0 0.0 0.0 0.0 0.0 0.0 0.0 0.0 0.0
0.0 0.0 0.0 0.0 0.0 0.0 0.0 0.0 0.0 0.0
0.0 0.0 0.0 0.0 0.0 0.0 0.0 0.0 0.0 0.0
0.0 0.0 0.0 0.0 0.0 0.0 0.0 0.0 0.0 0.0
0.0 0.0 0.0 0.0 0.0 0.0 0.0 0.0 0.0 0.0
0.0 0.0 0.0 0.0 0.0 0.0 0.0 0.0 0.0 0.0
0.0 0.0 0.0 0.0 0.0 0.0 0.0 0.0 0.0 0.0
0.0 0.0 0.0 0.0 0.0 0.0 0.0 0.0 0.0 0.0
0.0 0.0 0.0 0.0 0.0 0.0 0.0 0.0 0.0 0.0
0.0 0.0 0.0 0.0 0.0 0.0 0.0 0.0 0.0 0.0
0.0 0.0 0.0 0.0 0.0 0.0 0.0 0.0 0.0 0.0
0.0 0.0 0.0 0.0 0.0 0.0 0.0 0.0 0.0 0.0
0.0 0.0 0.0 0.0 0.0 0.0 0.0 0.0 0.0 0.0
0.0 0.0 0.0 0.0 0.0 0.0 0.0 0.0 0.0 0.0
0.0 0.0 0.0 0.0 0.0 0.0 0.0 0.0 0.0 0.0
0.0 0.0 0.0 0.0 0.0 0.0 0.0 0.0 0.0 0.0
0.0 0.0 0.0 0.0 0.0 0.0 0.0 0.0 0.0 0.0
0.0 0.0 0.0 0.0 0.0 0.0 0.0 0.0 0.0 0.0
0.0 0.0 0.0 0.0 0.0 0.0 0.0 0.0 0.0 0.0
0.0 0.0 0.0 0.0 0.0 0.0 0.0 0.0 0.0 0.0
0.0 0.0
