&CONTROL
  calculation = 'scf',
  prefix      = 'diamond_pd',
  outdir      = './tmp',
  pseudo_dir  = '../../pseudos/',
  verbosity = 'low',
  tprnfor = .true.,
  tstress = .true.,
  forc_conv_thr = 5.0d-4,
  etot_conv_thr = 1.0d-4,
  restart_mode = 'from_scratch',
  nstep         = 140,
  disk_io = 'nowf',
/

&SYSTEM
  ibrav =  0,
  nat  = 215,
  ntyp = 2,
  ecutwfc = 45.0,
  ecutrho = 180.0,
  occupations = 'from_input',
  !smearing    = 'gaussian'
  !degauss     = 0.005
  nspin       = 2
  !starting_magnetization(1) = 0.0
  !starting_magnetization(2) = 0.1
  tot_magnetization = 2.0
  nbnd = 862,
  tot_charge = -1.0
/

&ELECTRONS
  conv_thr = 1.0d-8,
  electron_maxstep = 100,
  mixing_beta = 0.7,
  mixing_mode = 'plain',
  scf_must_converge = .TRUE.,
  startingwfc = 'random',
/

ATOMIC_SPECIES
  C  12.0107 C.pbe-n-kjpaw_psl.1.0.0.UPF
  N  14.0067 N.pbe-n-kjpaw_psl.1.0.0.UPF

K_POINTS (automatic)
1 1 1 0 0 0

CELL_PARAMETERS {angstrom}
  -7.5777929652   0.0000000000   7.5777929652
   4.3750408084   8.7500816165   4.3750408084
  -6.1872420470   6.1872420472  -6.1872420470

ATOMIC_POSITIONS (crystal)
C     0.0001243958   0.0001020356   0.0001020351
C     0.0002699086   0.0003134404   0.3334225201
C     0.0000374023   0.0001127920   0.6667532166
C     0.0002699086   0.3334225214   0.0003134404
C     0.0006396265   0.3338629802   0.3338629819
C    -0.0000482360   0.3334881070   0.6668340045
C     0.0000374023   0.6667532180   0.0001127921
C    -0.0000482330   0.6668340042   0.3334881072
C     0.0002068535   0.6665590338   0.6665590360
C     0.3334087130   0.0000960323   0.0000960311
C     0.3334245872   0.0000002272   0.3334853974
C     0.3333751324   0.0002348675   0.6666009144
C     0.3334245871   0.3334854006   0.0000002254
C     0.3372461513   0.3335731031   0.3335731038
C     0.3322679629   0.3350974682   0.6654913007
C     0.3333751329   0.6666009158   0.0002348661
C     0.3322679724   0.6654913118   0.3350974593
C     0.3339873802   0.6664683404   0.6664683434
C     0.6666967078  -0.0000113313  -0.0000113337
C     0.6667884964  -0.0002594987   0.3333516162
C     0.6666204832   0.0002193954   0.6666809043
C     0.6667884938   0.3333516194  -0.0002595013
C     0.6674790303   0.3329232679   0.3329232650
C     0.6657287647   0.3336853840   0.6657851088
C     0.6666204838   0.6666809066   0.0002193936
C     0.6657287663   0.6657851142   0.3336853831
C     0.6666478466   0.6667623733   0.6667623702
C     0.1667834620   0.1668435022   0.0002189345
C     0.1676762199   0.1677318188   0.3336841830
C     0.1667014060   0.1668153262   0.6667623541
C     0.1668635448   0.5000896025   0.0002347267
C     0.1679687523   0.5011916053   0.3350958210
C     0.1669942634   0.4994742899   0.6664679694
C     0.1667115225   0.8334268803   0.0001126376
C     0.1666301125   0.8335119469   0.3334885655
C     0.1669053909   0.8332570817   0.6665589629
C     0.5001128337   0.1666755402  -0.0002595445
C     0.5005400810   0.1659833473   0.3329224827
C     0.4997779340   0.1677336080   0.6657857842
C     0.4999791377   0.5000399962   0.0000004550
C     0.4998831087   0.4962115495   0.3335747708
C     0.4983630867   0.5011934421   0.6654906743
C     0.5000418370   0.8331938851   0.0003138220
C     0.4996000284   0.8328226783   0.3338639503
C     0.4999757874   0.8335114778   0.6668340916
C     0.8334754189   0.1667675310  -0.0000114424
C     0.8337229197   0.1666755961   0.3333515856
C     0.8332444614   0.1668438249   0.6666808476
C     0.8333671637   0.5000557937   0.0000962791
C     0.8334631510   0.5000399509   0.3334854992
C     0.8332286509   0.5000894963   0.6666007185
C     0.8333621576   0.8333399438   0.0001021567
C     0.8331497329   0.8331936117   0.3334226078
C     0.8333513153   0.8334270291   0.6667532179
C     0.1667834620   0.0002189348   0.1668435019
C     0.1668635439   0.0002347270   0.5000896006
C     0.1667115222   0.0001126385   0.8334268800
C     0.1676762219   0.3336841812   0.1677318173
C     0.1679687594   0.3350958296   0.5011916141
C     0.1666301092   0.3334885642   0.8335119471
C     0.1667014085   0.6667623545   0.1668153254
C     0.1669942648   0.6664679658   0.4994743052
C     0.1669053896   0.6665589618   0.8332570816
C     0.5001128348  -0.0002595422   0.1666755366
C     0.4999791384   0.0000004578   0.5000399935
C     0.5000418366   0.0003138241   0.8331938838
C     0.5005400801   0.3329224868   0.1659833471
C     0.4998831103   0.3335747673   0.4962115394
C     0.4996000240   0.3338639521   0.8328226747
C     0.4997779368   0.6657857875   0.1677336058
C     0.4983630938   0.6654906829   0.5011934464
C     0.4999757876   0.6668340940   0.8335114748
C     0.8334754192  -0.0000114403   0.1667675293
C     0.8333671658   0.0000962793   0.5000557920
C     0.8333621569   0.0001021577   0.8333399418
C     0.8337229195   0.3333515876   0.1666755948
C     0.8334631503   0.3334855019   0.5000399481
C     0.8331497307   0.3334226098   0.8331936098
C     0.8332444627   0.6666808500   0.1668438236
C     0.8332286520   0.6666007212   0.5000894938
C     0.8333513142   0.6667532195   0.8334270288
C     0.0004245429   0.1669467343   0.1669467336
C    -0.0000987196   0.1666100117   0.5002265150
C     0.0000643100   0.1668251984   0.8333999999
C    -0.0000987199   0.5002265146   0.1666100089
C     0.0004489554   0.5002231596   0.5002231622
C    -0.0004699161   0.4999918433   0.8339340421
C     0.0000643113   0.8334000012   0.1668251980
C    -0.0004699137   0.8339340413   0.4999918453
C     0.0001331948   0.8333313586   0.8333313587
C     0.3336918486   0.1662369256   0.1662369235
C     0.3335047809   0.1672121849   0.4999568266
C     0.3332375445   0.1666106417   0.8335622007
C     0.3335047850   0.4999568277   0.1672121852
C     0.3332405897   0.5002236606   0.8330143599
C     0.3332375478   0.8335622031   0.1666106392
C     0.3332405930   0.8330143621   0.5002236607
C     0.3334728328   0.8339334857   0.8339334842
C     0.6669404231   0.1665237143   0.1665237110
C     0.6672254922   0.1662381700   0.4997716666
C     0.6665169427   0.1669472019   0.8330389342
C     0.6672254907   0.4997716686   0.1662381696
C     0.6662489070   0.4999572769   0.4999572720
C     0.6668528840   0.5002270122   0.8335615753
C     0.6665169445   0.8330389366   0.1669471994
C     0.6668528857   0.8335615793   0.5002270097
C     0.6666393719   0.8334002811   0.8334002789
C     0.0835308544   0.0835383686   0.0835383679
C     0.0837996705   0.0838448650   0.4168969162
C     0.0833767356   0.0834219763   0.7500883034
C     0.0837996721   0.4168969172   0.0838448643
C     0.0841881746   0.4172787795   0.4172787813
C     0.0824178705   0.4171361621   0.7510464941
C     0.0833767370   0.7500883037   0.0834219770
C     0.0824178737   0.7510464910   0.4171361645
C     0.0834900003   0.7499751130   0.7499751132
C     0.4168122377   0.0831121909   0.0831121886
C     0.4168364492   0.0833239520   0.4166277998
C     0.4165675228   0.0838461934   0.7496645009
C     0.4168364487   0.4166278036   0.0833239506
C     0.4161835315   0.4172793826   0.7492736535
C     0.4165675246   0.7496645028   0.0838461908
C     0.4161835347   0.7492736561   0.4172793843
C     0.4163279866   0.7510456982   0.7510456979
C     0.7501663819   0.0832989671   0.0832989648
C     0.7503522170   0.0831128017   0.4166524564
C     0.7499268354   0.0835387701   0.7499340417
C     0.7503522151   0.4166524593   0.0831128008
C     0.7501399156   0.4166281369   0.4166281336
C     0.7496182237   0.4168971859   0.7496635973
C     0.7499268367   0.7499340440   0.0835387681
C     0.7496182264   0.7496636016   0.4168971833
C     0.7500432905   0.7500884141   0.7500884125
C     0.2503113600   0.2501414838   0.0835559406
C     0.2516251433   0.2516884811   0.4175491440
C     0.2502483930   0.2496172197   0.7505684028
C     0.2501113932   0.5833530414   0.0836286845
C     0.2437185560   0.5897407127   0.4123743347
C     0.2501150895   0.5833483454   0.7497253441
C     0.2501213495   0.9169136372   0.0833347973
C     0.2500783138   0.9167088107   0.4168321106
C     0.2500577570   0.9168746399   0.7501184162
C     0.5836554597   0.2498092009   0.0828996019
C     0.5846538762   0.2488089958   0.4162361026
C     0.5829591510   0.2505052586   0.7495159742
C     0.5833227691   0.5831530241   0.0835572774
C     0.5817699797   0.5818339418   0.4175503078
C     0.5838463582   0.5832152521   0.7505670732
C     0.5833374196   0.9164583907   0.0834884343
C     0.5832986536   0.9165174862   0.4167950405
C     0.5833341128   0.9168905253   0.7500167794
C     0.9170065961   0.2501274483   0.0834880216
C     0.9169464157   0.2501656845   0.4167948025
C     0.9165745574   0.2501311349   0.7500165452
C     0.9165511336   0.5833435404   0.0833344760
C     0.9167558725   0.5833866356   0.4168319078
C     0.9165904093   0.5834072952   0.7501186055
C     0.9167602142   0.9167052078   0.0834340466
C     0.9164632664   0.9170014589   0.4168347672
C     0.9167531621   0.9167125250   0.7500292244
C     0.2503113594   0.0835559434   0.2501414830
C     0.2501113918   0.0836286841   0.5833530401
C     0.2501213491   0.0833347984   0.9169136365
C     0.2516251446   0.4175491401   0.2516884814
C     0.2437185916   0.4123743782   0.5897406813
C     0.2500783129   0.4168321123   0.9167088099
C     0.2502483958   0.7505684063   0.2496172171
C     0.2501150923   0.7497253410   0.5833483487
C     0.2500577568   0.7501184164   0.9168746379
C     0.5836554612   0.0828996035   0.2498091973
C     0.5833227678   0.0835572806   0.5831530217
C     0.5833374191   0.0834884371   0.9164583888
C     0.5846538752   0.4162361060   0.2488089967
C     0.5817699762   0.4175503058   0.5818339346
C     0.5832986503   0.4167950434   0.9165174807
C     0.5829591545   0.7495159784   0.2505052557
C     0.5838463606   0.7505670779   0.5832152519
C     0.5833341131   0.7500167810   0.9168905229
C     0.9170065962   0.0834880227   0.2501274468
C     0.9165511336   0.0833344769   0.5833435387
C     0.9167602138   0.0834340471   0.9167052063
C     0.9169464172   0.4167948043   0.2501656838
C     0.9167558703   0.4168319100   0.5833866331
C     0.9164632640   0.4168347689   0.9170014596
C     0.9165745609   0.7500165457   0.2501311352
C     0.9165904114   0.7501186047   0.5834072944
C     0.9167531620   0.7500292255   0.9167125248
C     0.0839469362   0.2505039569   0.2505039570
C     0.0828952975   0.2496163554   0.5832154626
C     0.0834484348   0.2501312392   0.9168903390
C     0.0828952962   0.5832154605   0.2496163521
C     0.0837386465   0.5833488488   0.5833488546
C     0.0833465012   0.5834072962   0.9168747595
C     0.0834484363   0.9168903381   0.2501312402
C     0.0833465023   0.9168747593   0.5834072952
C     0.0834359594   0.9167124559   0.9167124555
C     0.4172262392   0.2488075023   0.2488075016
C     0.4159113090   0.2516906306   0.5818350367
C     0.4166698854   0.2501662967   0.9165177181
C     0.4159113125   0.5818350414   0.2516906290
C     0.4210822168   0.5897390986   0.5897391040
C     0.4166330346   0.5833866401   0.9167087844
C     0.4166698868   0.9165177215   0.2501662935
C     0.4166330347   0.9167087876   0.5833866376
C     0.4166302598   0.9170015615   0.9170015604
C     0.7505648286   0.2498095385   0.2498095365
C     0.7499075841   0.2501424402   0.5831527557
C     0.7499769639   0.2501275997   0.9164582037
C     0.7499075849   0.5831527590   0.2501424380
C     0.7498350516   0.5833527331   0.5833527303
C     0.7501302477   0.5833436743   0.9169134187
C     0.7499769657   0.9164582059   0.2501275975
C     0.7501302493   0.9169134206   0.5833436724
C     0.7500316713   0.9167055150   0.9167055133
N     0.4242908866   0.4091649248   0.4091649268

OCCUPATIONS
1.0 1.0 1.0 1.0 1.0 1.0 1.0 1.0 1.0 1.0
1.0 1.0 1.0 1.0 1.0 1.0 1.0 1.0 1.0 1.0
1.0 1.0 1.0 1.0 1.0 1.0 1.0 1.0 1.0 1.0
1.0 1.0 1.0 1.0 1.0 1.0 1.0 1.0 1.0 1.0
1.0 1.0 1.0 1.0 1.0 1.0 1.0 1.0 1.0 1.0
1.0 1.0 1.0 1.0 1.0 1.0 1.0 1.0 1.0 1.0
1.0 1.0 1.0 1.0 1.0 1.0 1.0 1.0 1.0 1.0
1.0 1.0 1.0 1.0 1.0 1.0 1.0 1.0 1.0 1.0
1.0 1.0 1.0 1.0 1.0 1.0 1.0 1.0 1.0 1.0
1.0 1.0 1.0 1.0 1.0 1.0 1.0 1.0 1.0 1.0
1.0 1.0 1.0 1.0 1.0 1.0 1.0 1.0 1.0 1.0
1.0 1.0 1.0 1.0 1.0 1.0 1.0 1.0 1.0 1.0
1.0 1.0 1.0 1.0 1.0 1.0 1.0 1.0 1.0 1.0
1.0 1.0 1.0 1.0 1.0 1.0 1.0 1.0 1.0 1.0
1.0 1.0 1.0 1.0 1.0 1.0 1.0 1.0 1.0 1.0
1.0 1.0 1.0 1.0 1.0 1.0 1.0 1.0 1.0 1.0
1.0 1.0 1.0 1.0 1.0 1.0 1.0 1.0 1.0 1.0
1.0 1.0 1.0 1.0 1.0 1.0 1.0 1.0 1.0 1.0
1.0 1.0 1.0 1.0 1.0 1.0 1.0 1.0 1.0 1.0
1.0 1.0 1.0 1.0 1.0 1.0 1.0 1.0 1.0 1.0
1.0 1.0 1.0 1.0 1.0 1.0 1.0 1.0 1.0 1.0
1.0 1.0 1.0 1.0 1.0 1.0 1.0 1.0 1.0 1.0
1.0 1.0 1.0 1.0 1.0 1.0 1.0 1.0 1.0 1.0
1.0 1.0 1.0 1.0 1.0 1.0 1.0 1.0 1.0 1.0
1.0 1.0 1.0 1.0 1.0 1.0 1.0 1.0 1.0 1.0
1.0 1.0 1.0 1.0 1.0 1.0 1.0 1.0 1.0 1.0
1.0 1.0 1.0 1.0 1.0 1.0 1.0 1.0 1.0 1.0
1.0 1.0 1.0 1.0 1.0 1.0 1.0 1.0 1.0 1.0
1.0 1.0 1.0 1.0 1.0 1.0 1.0 1.0 1.0 1.0
1.0 1.0 1.0 1.0 1.0 1.0 1.0 1.0 1.0 1.0
1.0 1.0 1.0 1.0 1.0 1.0 1.0 1.0 1.0 1.0
1.0 1.0 1.0 1.0 1.0 1.0 1.0 1.0 1.0 1.0
1.0 1.0 1.0 1.0 1.0 1.0 1.0 1.0 1.0 1.0
1.0 1.0 1.0 1.0 1.0 1.0 1.0 1.0 1.0 1.0
1.0 1.0 1.0 1.0 1.0 1.0 1.0 1.0 1.0 1.0
1.0 1.0 1.0 1.0 1.0 1.0 1.0 1.0 1.0 1.0
1.0 1.0 1.0 1.0 1.0 1.0 1.0 1.0 1.0 1.0
1.0 1.0 1.0 1.0 1.0 1.0 1.0 1.0 1.0 1.0
1.0 1.0 1.0 1.0 1.0 1.0 1.0 1.0 1.0 1.0
1.0 1.0 1.0 1.0 1.0 1.0 1.0 1.0 1.0 1.0
1.0 1.0 1.0 1.0 1.0 1.0 1.0 1.0 1.0 1.0
1.0 1.0 1.0 1.0 1.0 1.0 1.0 1.0 1.0 1.0
1.0 1.0 1.0 1.0 1.0 1.0 1.0 1.0 1.0 1.0
1.0 1.0 0.0 0.0 0.0 0.0 0.0 0.0 0.0 0.0
0.0 0.0 0.0 0.0 0.0 0.0 0.0 0.0 0.0 0.0
0.0 0.0 0.0 0.0 0.0 0.0 0.0 0.0 0.0 0.0
0.0 0.0 0.0 0.0 0.0 0.0 0.0 0.0 0.0 0.0
0.0 0.0 0.0 0.0 0.0 0.0 0.0 0.0 0.0 0.0
0.0 0.0 0.0 0.0 0.0 0.0 0.0 0.0 0.0 0.0
0.0 0.0 0.0 0.0 0.0 0.0 0.0 0.0 0.0 0.0
0.0 0.0 0.0 0.0 0.0 0.0 0.0 0.0 0.0 0.0
0.0 0.0 0.0 0.0 0.0 0.0 0.0 0.0 0.0 0.0
0.0 0.0 0.0 0.0 0.0 0.0 0.0 0.0 0.0 0.0
0.0 0.0 0.0 0.0 0.0 0.0 0.0 0.0 0.0 0.0
0.0 0.0 0.0 0.0 0.0 0.0 0.0 0.0 0.0 0.0
0.0 0.0 0.0 0.0 0.0 0.0 0.0 0.0 0.0 0.0
0.0 0.0 0.0 0.0 0.0 0.0 0.0 0.0 0.0 0.0
0.0 0.0 0.0 0.0 0.0 0.0 0.0 0.0 0.0 0.0
0.0 0.0 0.0 0.0 0.0 0.0 0.0 0.0 0.0 0.0
0.0 0.0 0.0 0.0 0.0 0.0 0.0 0.0 0.0 0.0
0.0 0.0 0.0 0.0 0.0 0.0 0.0 0.0 0.0 0.0
0.0 0.0 0.0 0.0 0.0 0.0 0.0 0.0 0.0 0.0
0.0 0.0 0.0 0.0 0.0 0.0 0.0 0.0 0.0 0.0
0.0 0.0 0.0 0.0 0.0 0.0 0.0 0.0 0.0 0.0
0.0 0.0 0.0 0.0 0.0 0.0 0.0 0.0 0.0 0.0
0.0 0.0 0.0 0.0 0.0 0.0 0.0 0.0 0.0 0.0
0.0 0.0 0.0 0.0 0.0 0.0 0.0 0.0 0.0 0.0
0.0 0.0 0.0 0.0 0.0 0.0 0.0 0.0 0.0 0.0
0.0 0.0 0.0 0.0 0.0 0.0 0.0 0.0 0.0 0.0
0.0 0.0 0.0 0.0 0.0 0.0 0.0 0.0 0.0 0.0
0.0 0.0 0.0 0.0 0.0 0.0 0.0 0.0 0.0 0.0
0.0 0.0 0.0 0.0 0.0 0.0 0.0 0.0 0.0 0.0
0.0 0.0 0.0 0.0 0.0 0.0 0.0 0.0 0.0 0.0
0.0 0.0 0.0 0.0 0.0 0.0 0.0 0.0 0.0 0.0
0.0 0.0 0.0 0.0 0.0 0.0 0.0 0.0 0.0 0.0
0.0 0.0 0.0 0.0 0.0 0.0 0.0 0.0 0.0 0.0
0.0 0.0 0.0 0.0 0.0 0.0 0.0 0.0 0.0 0.0
0.0 0.0 0.0 0.0 0.0 0.0 0.0 0.0 0.0 0.0
0.0 0.0 0.0 0.0 0.0 0.0 0.0 0.0 0.0 0.0
0.0 0.0 0.0 0.0 0.0 0.0 0.0 0.0 0.0 0.0
0.0 0.0 0.0 0.0 0.0 0.0 0.0 0.0 0.0 0.0
0.0 0.0 0.0 0.0 0.0 0.0 0.0 0.0 0.0 0.0
0.0 0.0 0.0 0.0 0.0 0.0 0.0 0.0 0.0 0.0
0.0 0.0 0.0 0.0 0.0 0.0 0.0 0.0 0.0 0.0
0.0 0.0 0.0 0.0 0.0 0.0 0.0 0.0 0.0 0.0
0.0 0.0 0.0 0.0 0.0 0.0 0.0 0.0 0.0 0.0
0.0 0.0

1.0 1.0 1.0 1.0 1.0 1.0 1.0 1.0 1.0 1.0
1.0 1.0 1.0 1.0 1.0 1.0 1.0 1.0 1.0 1.0
1.0 1.0 1.0 1.0 1.0 1.0 1.0 1.0 1.0 1.0
1.0 1.0 1.0 1.0 1.0 1.0 1.0 1.0 1.0 1.0
1.0 1.0 1.0 1.0 1.0 1.0 1.0 1.0 1.0 1.0
1.0 1.0 1.0 1.0 1.0 1.0 1.0 1.0 1.0 1.0
1.0 1.0 1.0 1.0 1.0 1.0 1.0 1.0 1.0 1.0
1.0 1.0 1.0 1.0 1.0 1.0 1.0 1.0 1.0 1.0
1.0 1.0 1.0 1.0 1.0 1.0 1.0 1.0 1.0 1.0
1.0 1.0 1.0 1.0 1.0 1.0 1.0 1.0 1.0 1.0
1.0 1.0 1.0 1.0 1.0 1.0 1.0 1.0 1.0 1.0
1.0 1.0 1.0 1.0 1.0 1.0 1.0 1.0 1.0 1.0
1.0 1.0 1.0 1.0 1.0 1.0 1.0 1.0 1.0 1.0
1.0 1.0 1.0 1.0 1.0 1.0 1.0 1.0 1.0 1.0
1.0 1.0 1.0 1.0 1.0 1.0 1.0 1.0 1.0 1.0
1.0 1.0 1.0 1.0 1.0 1.0 1.0 1.0 1.0 1.0
1.0 1.0 1.0 1.0 1.0 1.0 1.0 1.0 1.0 1.0
1.0 1.0 1.0 1.0 1.0 1.0 1.0 1.0 1.0 1.0
1.0 1.0 1.0 1.0 1.0 1.0 1.0 1.0 1.0 1.0
1.0 1.0 1.0 1.0 1.0 1.0 1.0 1.0 1.0 1.0
1.0 1.0 1.0 1.0 1.0 1.0 1.0 1.0 1.0 1.0
1.0 1.0 1.0 1.0 1.0 1.0 1.0 1.0 1.0 1.0
1.0 1.0 1.0 1.0 1.0 1.0 1.0 1.0 1.0 1.0
1.0 1.0 1.0 1.0 1.0 1.0 1.0 1.0 1.0 1.0
1.0 1.0 1.0 1.0 1.0 1.0 1.0 1.0 1.0 1.0
1.0 1.0 1.0 1.0 1.0 1.0 1.0 1.0 1.0 1.0
1.0 1.0 1.0 1.0 1.0 1.0 1.0 1.0 1.0 1.0
1.0 1.0 1.0 1.0 1.0 1.0 1.0 1.0 1.0 1.0
1.0 1.0 1.0 1.0 1.0 1.0 1.0 1.0 1.0 1.0
1.0 1.0 1.0 1.0 1.0 1.0 1.0 1.0 1.0 1.0
1.0 1.0 1.0 1.0 1.0 1.0 1.0 1.0 1.0 1.0
1.0 1.0 1.0 1.0 1.0 1.0 1.0 1.0 1.0 1.0
1.0 1.0 1.0 1.0 1.0 1.0 1.0 1.0 1.0 1.0
1.0 1.0 1.0 1.0 1.0 1.0 1.0 1.0 1.0 1.0
1.0 1.0 1.0 1.0 1.0 1.0 1.0 1.0 1.0 1.0
1.0 1.0 1.0 1.0 1.0 1.0 1.0 1.0 1.0 1.0
1.0 1.0 1.0 1.0 1.0 1.0 1.0 1.0 1.0 1.0
1.0 1.0 1.0 1.0 1.0 1.0 1.0 1.0 1.0 1.0
1.0 1.0 1.0 1.0 1.0 1.0 1.0 1.0 1.0 1.0
1.0 1.0 1.0 1.0 1.0 1.0 1.0 1.0 1.0 1.0
1.0 1.0 1.0 1.0 1.0 1.0 1.0 1.0 1.0 1.0
1.0 1.0 1.0 1.0 1.0 1.0 1.0 1.0 1.0 1.0
1.0 1.0 1.0 1.0 1.0 1.0 1.0 1.0 1.0 0.0
0.5 0.5 0.0 0.0 0.0 0.0 0.0 0.0 0.0 0.0
0.0 0.0 0.0 0.0 0.0 0.0 0.0 0.0 0.0 0.0
0.0 0.0 0.0 0.0 0.0 0.0 0.0 0.0 0.0 0.0
0.0 0.0 0.0 0.0 0.0 0.0 0.0 0.0 0.0 0.0
0.0 0.0 0.0 0.0 0.0 0.0 0.0 0.0 0.0 0.0
0.0 0.0 0.0 0.0 0.0 0.0 0.0 0.0 0.0 0.0
0.0 0.0 0.0 0.0 0.0 0.0 0.0 0.0 0.0 0.0
0.0 0.0 0.0 0.0 0.0 0.0 0.0 0.0 0.0 0.0
0.0 0.0 0.0 0.0 0.0 0.0 0.0 0.0 0.0 0.0
0.0 0.0 0.0 0.0 0.0 0.0 0.0 0.0 0.0 0.0
0.0 0.0 0.0 0.0 0.0 0.0 0.0 0.0 0.0 0.0
0.0 0.0 0.0 0.0 0.0 0.0 0.0 0.0 0.0 0.0
0.0 0.0 0.0 0.0 0.0 0.0 0.0 0.0 0.0 0.0
0.0 0.0 0.0 0.0 0.0 0.0 0.0 0.0 0.0 0.0
0.0 0.0 0.0 0.0 0.0 0.0 0.0 0.0 0.0 0.0
0.0 0.0 0.0 0.0 0.0 0.0 0.0 0.0 0.0 0.0
0.0 0.0 0.0 0.0 0.0 0.0 0.0 0.0 0.0 0.0
0.0 0.0 0.0 0.0 0.0 0.0 0.0 0.0 0.0 0.0
0.0 0.0 0.0 0.0 0.0 0.0 0.0 0.0 0.0 0.0
0.0 0.0 0.0 0.0 0.0 0.0 0.0 0.0 0.0 0.0
0.0 0.0 0.0 0.0 0.0 0.0 0.0 0.0 0.0 0.0
0.0 0.0 0.0 0.0 0.0 0.0 0.0 0.0 0.0 0.0
0.0 0.0 0.0 0.0 0.0 0.0 0.0 0.0 0.0 0.0
0.0 0.0 0.0 0.0 0.0 0.0 0.0 0.0 0.0 0.0
0.0 0.0 0.0 0.0 0.0 0.0 0.0 0.0 0.0 0.0
0.0 0.0 0.0 0.0 0.0 0.0 0.0 0.0 0.0 0.0
0.0 0.0 0.0 0.0 0.0 0.0 0.0 0.0 0.0 0.0
0.0 0.0 0.0 0.0 0.0 0.0 0.0 0.0 0.0 0.0
0.0 0.0 0.0 0.0 0.0 0.0 0.0 0.0 0.0 0.0
0.0 0.0 0.0 0.0 0.0 0.0 0.0 0.0 0.0 0.0
0.0 0.0 0.0 0.0 0.0 0.0 0.0 0.0 0.0 0.0
0.0 0.0 0.0 0.0 0.0 0.0 0.0 0.0 0.0 0.0
0.0 0.0 0.0 0.0 0.0 0.0 0.0 0.0 0.0 0.0
0.0 0.0 0.0 0.0 0.0 0.0 0.0 0.0 0.0 0.0
0.0 0.0 0.0 0.0 0.0 0.0 0.0 0.0 0.0 0.0
0.0 0.0 0.0 0.0 0.0 0.0 0.0 0.0 0.0 0.0
0.0 0.0 0.0 0.0 0.0 0.0 0.0 0.0 0.0 0.0
0.0 0.0 0.0 0.0 0.0 0.0 0.0 0.0 0.0 0.0
0.0 0.0 0.0 0.0 0.0 0.0 0.0 0.0 0.0 0.0
0.0 0.0 0.0 0.0 0.0 0.0 0.0 0.0 0.0 0.0
0.0 0.0 0.0 0.0 0.0 0.0 0.0 0.0 0.0 0.0
0.0 0.0 0.0 0.0 0.0 0.0 0.0 0.0 0.0 0.0
0.0 0.0 0.0 0.0 0.0 0.0 0.0 0.0 0.0 0.0
0.0 0.0
