&CONTROL
  calculation = 'scf',
  prefix      = 'diamond_pd',
  outdir      = './tmp',
  pseudo_dir  = '../../pseudos/',
  verbosity = 'low',
  tprnfor = .true.,
  tstress = .true.,
  forc_conv_thr = 5.0d-4,
  etot_conv_thr = 1.0d-4,
  restart_mode = 'from_scratch',
  nstep         = 140,
  disk_io = 'nowf',
/

&SYSTEM
  ibrav =  0,
  nat  = 215,
  ntyp = 2,
  ecutwfc = 45.0,
  ecutrho = 180.0,
  occupations = 'from_input',
  !smearing    = 'gaussian'
  !degauss     = 0.005
  nspin       = 2
  !starting_magnetization(1) = 0.0
  !starting_magnetization(2) = 0.1
  tot_magnetization = 2.0
  nbnd = 862,
  tot_charge = -1.0
/

&ELECTRONS
  conv_thr = 1.0d-8,
  electron_maxstep = 100,
  mixing_beta = 0.7,
  mixing_mode = 'plain',
  scf_must_converge = .TRUE.,
  startingwfc = 'random',
/

ATOMIC_SPECIES
  C  12.0107 C.pbe-n-kjpaw_psl.1.0.0.UPF
  N  14.0067 N.pbe-n-kjpaw_psl.1.0.0.UPF

K_POINTS (automatic)
1 1 1 0 0 0

CELL_PARAMETERS {angstrom}
  -7.5777929652   0.0000000000   7.5777929652
   4.3750408084   8.7500816165   4.3750408084
  -6.1872420470   6.1872420472  -6.1872420470

ATOMIC_POSITIONS (crystal)
C     0.0001070584   0.0000629286   0.0000629284
C     0.0002070838   0.0002563987   0.3333700233
C     0.0000630136  -0.0000791918   0.6667371879
C     0.0002070837   0.3333700238   0.0002563974
C     0.0006403438   0.3338440873   0.3338440875
C    -0.0001041112   0.3332621089   0.6667614984
C     0.0000630134   0.6667371887  -0.0000791925
C    -0.0001041095   0.6667614993   0.3332621086
C     0.0005611803   0.6662991259   0.6662991266
C     0.3333539764   0.0001897040   0.0001897017
C     0.3333982456   0.0000062290   0.3334886002
C     0.3334215340   0.0000549497   0.6665800118
C     0.3333982456   0.3334886019   0.0000062269
C     0.3359421532   0.3342789285   0.3342789267
C     0.3318484138   0.3340150583   0.6661189015
C     0.3334215340   0.6665800138   0.0000549474
C     0.3318484167   0.6661189087   0.3340150537
C     0.3344845788   0.6658581585   0.6658581575
C     0.6666865052   0.0000346354   0.0000346340
C     0.6666696368  -0.0000605690   0.3334009221
C     0.6666988944   0.0002349482   0.6667158758
C     0.6666696362   0.3334009235  -0.0000605716
C     0.6671049380   0.3332200026   0.3332199993
C     0.6659064214   0.3336678655   0.6659831386
C     0.6666988950   0.6667158776   0.0002349459
C     0.6659064229   0.6659831424   0.3336678644
C     0.6670555560   0.6668644963   0.6668644945
C     0.1667483709   0.1667656639   0.0002343218
C     0.1674789702   0.1675555691   0.3336668531
C     0.1665992317   0.1664081915   0.6668643531
C     0.1668840218   0.5000424494   0.0000547732
C     0.1673439705   0.5016147206   0.3340146201
C     0.1676043866   0.4989786445   0.6658594288
C     0.1667269471   0.8334014520  -0.0000793452
C     0.1667028286   0.8335681696   0.3332626557
C     0.1671652841   0.8329030902   0.6662986542
C     0.5000631076   0.1667948492  -0.0000606304
C     0.5002441441   0.1663588636   0.3332193106
C     0.4997957831   0.1675573318   0.6659839363
C     0.4999753866   0.5000657885   0.0000064354
C     0.4991799602   0.4975172564   0.3342812276
C     0.4994466752   0.5016145932   0.6661175398
C     0.5000940936   0.8332573905   0.0002569297
C     0.4996189383   0.8328225247   0.3338447490
C     0.5002015161   0.8335681241   0.6667615774
C     0.8334300010   0.1667777871   0.0000345411
C     0.8335251035   0.1667949915   0.3334010013
C     0.8332301731   0.1667659350   0.6667156670
C     0.8332749277   0.5001101309   0.0001899000
C     0.8334581797   0.5000658436   0.3334888170
C     0.8334096818   0.5000424506   0.6665799210
C     0.8334017531   0.8333572654   0.0000630725
C     0.8332079007   0.8332570216   0.3333700427
C     0.8335443637   0.8334018005   0.6667373615
C     0.1667483710   0.0002343229   0.1667656633
C     0.1668840219   0.0000547747   0.5000424480
C     0.1667269472  -0.0000793442   0.8334014510
C     0.1674789715   0.3336668536   0.1675555676
C     0.1673439718   0.3340146234   0.5016147224
C     0.1667028274   0.3332626556   0.8335681687
C     0.1665992322   0.6668643547   0.1664081903
C     0.1676043894   0.6658594275   0.4989786505
C     0.1671652833   0.6662986541   0.8329030890
C     0.5000631077  -0.0000606283   0.1667948473
C     0.4999753865   0.0000064385   0.5000657866
C     0.5000940933   0.0002569320   0.8332573884
C     0.5002441443   0.3332193141   0.1663588609
C     0.4991799642   0.3342812244   0.4975172497
C     0.4996189363   0.3338447503   0.8328225214
C     0.4997957841   0.6659839385   0.1675573296
C     0.4994466815   0.6661175491   0.5016145957
C     0.5002015159   0.6667615789   0.8335681211
C     0.8334300013   0.0000345424   0.1667777866
C     0.8332749287   0.0001899020   0.5001101300
C     0.8334017527   0.0000630731   0.8333572645
C     0.8335251036   0.3334010027   0.1667949901
C     0.8334581789   0.3334888190   0.5000658413
C     0.8332078995   0.3333700436   0.8332570193
C     0.8332301740   0.6667156690   0.1667659336
C     0.8334096825   0.6665799230   0.5000424493
C     0.8335443634   0.6667373620   0.8334017996
C     0.0003004749   0.1669306352   0.1669306345
C    -0.0004624077   0.1661603048   0.5002325239
C     0.0000910194   0.1667417498   0.8333734177
C    -0.0004624081   0.5002325245   0.1661603025
C     0.0006296974   0.5000573883   0.5000573880
C    -0.0003927683   0.4999085629   0.8338574710
C     0.0000910201   0.8333734190   0.1667417495
C    -0.0003927672   0.8338574720   0.4999085629
C     0.0002604923   0.8332040557   0.8332040559
C     0.3334524747   0.1666202193   0.1666202171
C     0.3334135949   0.1670542336   0.5000494015
C     0.3332311770   0.1661614019   0.8339258550
C     0.3334135961   0.5000494044   0.1670542323
C     0.3334067060   0.5000572264   0.8328340950
C     0.3332311777   0.8339258585   0.1661613991
C     0.3334067074   0.8328340966   0.5000572256
C     0.3335555856   0.8338570173   0.8338570152
C     0.6667927580   0.1666717010   0.1666716988
C     0.6668433501   0.1666213548   0.5000112373
C     0.6665334664   0.1669309424   0.8331634705
C     0.6668433497   0.5000112393   0.1666213531
C     0.6664085741   0.5000495410   0.5000495373
C     0.6673027051   0.5002330243   0.8339254004
C     0.6665334674   0.8331634725   0.1669309409
C     0.6673027071   0.8339254046   0.5002330235
C     0.6667230567   0.8333738364   0.8333738347
C     0.0834635812   0.0835075454   0.0835075450
C     0.0836484771   0.0836300897   0.4168845409
C     0.0833728384   0.0831695817   0.7500912869
C     0.0836484772   0.4168845419   0.0836300885
C     0.0842731280   0.4172647607   0.4172647591
C     0.0825256808   0.4168366604   0.7509378367
C     0.0833728389   0.7500912878   0.0831695814
C     0.0825256832   0.7509378356   0.4168366622
C     0.0837529306   0.7497112117   0.7497112112
C     0.4167711206   0.0833680938   0.0833680920
C     0.4167266263   0.0833260990   0.4167373733
C     0.4165793211   0.0836307613   0.7498151774
C     0.4167266263   0.4167373768   0.0833260965
C     0.4161976462   0.4172654467   0.7491892912
C     0.4165793217   0.7498151803   0.0836307590
C     0.4161976486   0.7491892945   0.4172654449
C     0.4166276225   0.7509378012   0.7509378000
C     0.7501136725   0.0833500750   0.0833500741
C     0.7500952185   0.0833683918   0.4166931030
C     0.7499560539   0.0835078239   0.7500003124
C     0.7500952181   0.4166931047   0.0833683903
C     0.7501377750   0.4167377687   0.4167377654
C     0.7498329214   0.4168849756   0.7498150614
C     0.7499560546   0.7500003140   0.0835078227
C     0.7498329230   0.7498150649   0.4168849742
C     0.7502944156   0.7500915363   0.7500915352
C     0.2501934743   0.2501987078   0.0835584722
C     0.2511181164   0.2513142989   0.4177081707
C     0.2503317569   0.2487826891   0.7511560605
C     0.2500689754   0.5833949930   0.0834077358
C     0.2423239294   0.5911338859   0.4082789397
C     0.2506138467   0.5828494247   0.7492095045
C     0.2501547525   0.9170490865   0.0831153774
C     0.2501088834   0.9166181647   0.4167651384
C     0.2501484728   0.9166323625   0.7499980402
C     0.5835259214   0.2499381660   0.0831551357
C     0.5839921245   0.2494710467   0.4163695577
C     0.5830077161   0.2504561281   0.7496460526
C     0.5832650711   0.5832703900   0.0835591035
C     0.5821463351   0.5823427781   0.4177093471
C     0.5846802005   0.5831320570   0.7511558935
C     0.5833329471   0.9165804515   0.0835085988
C     0.5833434062   0.9166085212   0.4168000472
C     0.5834160135   0.9168828744   0.7500290008
C     0.9168830974   0.2501310170   0.0835083890
C     0.9168550833   0.2501207515   0.4167996220
C     0.9165811531   0.2500485162   0.7500288225
C     0.9164141282   0.5833091951   0.0831150688
C     0.9168461021   0.5833555354   0.4167650258
C     0.9168316427   0.5833159005   0.7499980297
C     0.9167627080   0.9167010514   0.0834058245
C     0.9164404415   0.9170230017   0.4167855256
C     0.9168575388   0.9166063082   0.7500066053
C     0.2501934745   0.0835584741   0.2501987065
C     0.2500689753   0.0834077373   0.5833949908
C     0.2501547516   0.0831153789   0.9170490847
C     0.2511181168   0.4177081711   0.2513142983
C     0.2423239374   0.4082789495   0.5911338741
C     0.2501088826   0.4167651394   0.9166181632
C     0.2503317593   0.7511560634   0.2487826876
C     0.2506138472   0.7492095046   0.5828494259
C     0.2501484728   0.7499980417   0.9166323606
C     0.5835259215   0.0831551378   0.2499381640
C     0.5832650705   0.0835591062   0.5832703874
C     0.5833329470   0.0835086003   0.9165804499
C     0.5839921235   0.4163695619   0.2494710454
C     0.5821463331   0.4177093468   0.5823427714
C     0.5833434052   0.4168000489   0.9166085176
C     0.5830077176   0.7496460558   0.2504561259
C     0.5846802026   0.7511558985   0.5831320557
C     0.5834160137   0.7500290025   0.9168828721
C     0.9168830975   0.0835083900   0.2501310163
C     0.9164141283   0.0831150703   0.5833091946
C     0.9167627079   0.0834058246   0.9167010504
C     0.9168550840   0.4167996234   0.2501207500
C     0.9168461012   0.4167650272   0.5833555335
C     0.9164404403   0.4167855257   0.9170230004
C     0.9165811547   0.7500288236   0.2500485163
C     0.9168316436   0.7499980307   0.5833158997
C     0.9168575386   0.7500066058   0.9166063079
C     0.0838172763   0.2504557120   0.2504557109
C     0.0823064506   0.2487820843   0.5831309365
C     0.0834353286   0.2500484428   0.9168824312
C     0.0823064511   0.5831309361   0.2487820830
C     0.0842538443   0.5828492301   0.5828492316
C     0.0834662794   0.5833160149   0.9166322708
C     0.0834353296   0.9168824319   0.2500484434
C     0.0834662800   0.9166322717   0.5833160142
C     0.0834574784   0.9166063184   0.9166063179
C     0.4170936276   0.2494701847   0.2494701816
C     0.4157527113   0.2513156226   0.5823426699
C     0.4166644678   0.2501210084   0.9166083874
C     0.4157527118   0.5823426754   0.2513156210
C     0.4251795985   0.5911336036   0.5911336002
C     0.4166996019   0.5833558031   0.9166184194
C     0.4166644685   0.9166083900   0.2501210064
C     0.4166996020   0.9166184219   0.5833558009
C     0.4166787918   0.9170230667   0.9170230646
C     0.7503083566   0.2499382550   0.2499382531
C     0.7499047386   0.2501992143   0.5832705203
C     0.7499552508   0.2501311655   0.9165804602
C     0.7499047394   0.5832705231   0.2501992123
C     0.7500561987   0.5833953715   0.5833953695
C     0.7503480931   0.5833093976   0.9170489813
C     0.7499552513   0.9165804621   0.2501311647
C     0.7503480940   0.9170489837   0.5833093965
C     0.7500580076   0.9167011214   0.9167011204
N     0.4219890394   0.4114681262   0.4114681298

OCCUPATIONS
1.0 1.0 1.0 1.0 1.0 1.0 1.0 1.0 1.0 1.0
1.0 1.0 1.0 1.0 1.0 1.0 1.0 1.0 1.0 1.0
1.0 1.0 1.0 1.0 1.0 1.0 1.0 1.0 1.0 1.0
1.0 1.0 1.0 1.0 1.0 1.0 1.0 1.0 1.0 1.0
1.0 1.0 1.0 1.0 1.0 1.0 1.0 1.0 1.0 1.0
1.0 1.0 1.0 1.0 1.0 1.0 1.0 1.0 1.0 1.0
1.0 1.0 1.0 1.0 1.0 1.0 1.0 1.0 1.0 1.0
1.0 1.0 1.0 1.0 1.0 1.0 1.0 1.0 1.0 1.0
1.0 1.0 1.0 1.0 1.0 1.0 1.0 1.0 1.0 1.0
1.0 1.0 1.0 1.0 1.0 1.0 1.0 1.0 1.0 1.0
1.0 1.0 1.0 1.0 1.0 1.0 1.0 1.0 1.0 1.0
1.0 1.0 1.0 1.0 1.0 1.0 1.0 1.0 1.0 1.0
1.0 1.0 1.0 1.0 1.0 1.0 1.0 1.0 1.0 1.0
1.0 1.0 1.0 1.0 1.0 1.0 1.0 1.0 1.0 1.0
1.0 1.0 1.0 1.0 1.0 1.0 1.0 1.0 1.0 1.0
1.0 1.0 1.0 1.0 1.0 1.0 1.0 1.0 1.0 1.0
1.0 1.0 1.0 1.0 1.0 1.0 1.0 1.0 1.0 1.0
1.0 1.0 1.0 1.0 1.0 1.0 1.0 1.0 1.0 1.0
1.0 1.0 1.0 1.0 1.0 1.0 1.0 1.0 1.0 1.0
1.0 1.0 1.0 1.0 1.0 1.0 1.0 1.0 1.0 1.0
1.0 1.0 1.0 1.0 1.0 1.0 1.0 1.0 1.0 1.0
1.0 1.0 1.0 1.0 1.0 1.0 1.0 1.0 1.0 1.0
1.0 1.0 1.0 1.0 1.0 1.0 1.0 1.0 1.0 1.0
1.0 1.0 1.0 1.0 1.0 1.0 1.0 1.0 1.0 1.0
1.0 1.0 1.0 1.0 1.0 1.0 1.0 1.0 1.0 1.0
1.0 1.0 1.0 1.0 1.0 1.0 1.0 1.0 1.0 1.0
1.0 1.0 1.0 1.0 1.0 1.0 1.0 1.0 1.0 1.0
1.0 1.0 1.0 1.0 1.0 1.0 1.0 1.0 1.0 1.0
1.0 1.0 1.0 1.0 1.0 1.0 1.0 1.0 1.0 1.0
1.0 1.0 1.0 1.0 1.0 1.0 1.0 1.0 1.0 1.0
1.0 1.0 1.0 1.0 1.0 1.0 1.0 1.0 1.0 1.0
1.0 1.0 1.0 1.0 1.0 1.0 1.0 1.0 1.0 1.0
1.0 1.0 1.0 1.0 1.0 1.0 1.0 1.0 1.0 1.0
1.0 1.0 1.0 1.0 1.0 1.0 1.0 1.0 1.0 1.0
1.0 1.0 1.0 1.0 1.0 1.0 1.0 1.0 1.0 1.0
1.0 1.0 1.0 1.0 1.0 1.0 1.0 1.0 1.0 1.0
1.0 1.0 1.0 1.0 1.0 1.0 1.0 1.0 1.0 1.0
1.0 1.0 1.0 1.0 1.0 1.0 1.0 1.0 1.0 1.0
1.0 1.0 1.0 1.0 1.0 1.0 1.0 1.0 1.0 1.0
1.0 1.0 1.0 1.0 1.0 1.0 1.0 1.0 1.0 1.0
1.0 1.0 1.0 1.0 1.0 1.0 1.0 1.0 1.0 1.0
1.0 1.0 1.0 1.0 1.0 1.0 1.0 1.0 1.0 1.0
1.0 1.0 1.0 1.0 1.0 1.0 1.0 1.0 1.0 1.0
1.0 1.0 0.0 0.0 0.0 0.0 0.0 0.0 0.0 0.0
0.0 0.0 0.0 0.0 0.0 0.0 0.0 0.0 0.0 0.0
0.0 0.0 0.0 0.0 0.0 0.0 0.0 0.0 0.0 0.0
0.0 0.0 0.0 0.0 0.0 0.0 0.0 0.0 0.0 0.0
0.0 0.0 0.0 0.0 0.0 0.0 0.0 0.0 0.0 0.0
0.0 0.0 0.0 0.0 0.0 0.0 0.0 0.0 0.0 0.0
0.0 0.0 0.0 0.0 0.0 0.0 0.0 0.0 0.0 0.0
0.0 0.0 0.0 0.0 0.0 0.0 0.0 0.0 0.0 0.0
0.0 0.0 0.0 0.0 0.0 0.0 0.0 0.0 0.0 0.0
0.0 0.0 0.0 0.0 0.0 0.0 0.0 0.0 0.0 0.0
0.0 0.0 0.0 0.0 0.0 0.0 0.0 0.0 0.0 0.0
0.0 0.0 0.0 0.0 0.0 0.0 0.0 0.0 0.0 0.0
0.0 0.0 0.0 0.0 0.0 0.0 0.0 0.0 0.0 0.0
0.0 0.0 0.0 0.0 0.0 0.0 0.0 0.0 0.0 0.0
0.0 0.0 0.0 0.0 0.0 0.0 0.0 0.0 0.0 0.0
0.0 0.0 0.0 0.0 0.0 0.0 0.0 0.0 0.0 0.0
0.0 0.0 0.0 0.0 0.0 0.0 0.0 0.0 0.0 0.0
0.0 0.0 0.0 0.0 0.0 0.0 0.0 0.0 0.0 0.0
0.0 0.0 0.0 0.0 0.0 0.0 0.0 0.0 0.0 0.0
0.0 0.0 0.0 0.0 0.0 0.0 0.0 0.0 0.0 0.0
0.0 0.0 0.0 0.0 0.0 0.0 0.0 0.0 0.0 0.0
0.0 0.0 0.0 0.0 0.0 0.0 0.0 0.0 0.0 0.0
0.0 0.0 0.0 0.0 0.0 0.0 0.0 0.0 0.0 0.0
0.0 0.0 0.0 0.0 0.0 0.0 0.0 0.0 0.0 0.0
0.0 0.0 0.0 0.0 0.0 0.0 0.0 0.0 0.0 0.0
0.0 0.0 0.0 0.0 0.0 0.0 0.0 0.0 0.0 0.0
0.0 0.0 0.0 0.0 0.0 0.0 0.0 0.0 0.0 0.0
0.0 0.0 0.0 0.0 0.0 0.0 0.0 0.0 0.0 0.0
0.0 0.0 0.0 0.0 0.0 0.0 0.0 0.0 0.0 0.0
0.0 0.0 0.0 0.0 0.0 0.0 0.0 0.0 0.0 0.0
0.0 0.0 0.0 0.0 0.0 0.0 0.0 0.0 0.0 0.0
0.0 0.0 0.0 0.0 0.0 0.0 0.0 0.0 0.0 0.0
0.0 0.0 0.0 0.0 0.0 0.0 0.0 0.0 0.0 0.0
0.0 0.0 0.0 0.0 0.0 0.0 0.0 0.0 0.0 0.0
0.0 0.0 0.0 0.0 0.0 0.0 0.0 0.0 0.0 0.0
0.0 0.0 0.0 0.0 0.0 0.0 0.0 0.0 0.0 0.0
0.0 0.0 0.0 0.0 0.0 0.0 0.0 0.0 0.0 0.0
0.0 0.0 0.0 0.0 0.0 0.0 0.0 0.0 0.0 0.0
0.0 0.0 0.0 0.0 0.0 0.0 0.0 0.0 0.0 0.0
0.0 0.0 0.0 0.0 0.0 0.0 0.0 0.0 0.0 0.0
0.0 0.0 0.0 0.0 0.0 0.0 0.0 0.0 0.0 0.0
0.0 0.0 0.0 0.0 0.0 0.0 0.0 0.0 0.0 0.0
0.0 0.0 0.0 0.0 0.0 0.0 0.0 0.0 0.0 0.0
0.0 0.0

1.0 1.0 1.0 1.0 1.0 1.0 1.0 1.0 1.0 1.0
1.0 1.0 1.0 1.0 1.0 1.0 1.0 1.0 1.0 1.0
1.0 1.0 1.0 1.0 1.0 1.0 1.0 1.0 1.0 1.0
1.0 1.0 1.0 1.0 1.0 1.0 1.0 1.0 1.0 1.0
1.0 1.0 1.0 1.0 1.0 1.0 1.0 1.0 1.0 1.0
1.0 1.0 1.0 1.0 1.0 1.0 1.0 1.0 1.0 1.0
1.0 1.0 1.0 1.0 1.0 1.0 1.0 1.0 1.0 1.0
1.0 1.0 1.0 1.0 1.0 1.0 1.0 1.0 1.0 1.0
1.0 1.0 1.0 1.0 1.0 1.0 1.0 1.0 1.0 1.0
1.0 1.0 1.0 1.0 1.0 1.0 1.0 1.0 1.0 1.0
1.0 1.0 1.0 1.0 1.0 1.0 1.0 1.0 1.0 1.0
1.0 1.0 1.0 1.0 1.0 1.0 1.0 1.0 1.0 1.0
1.0 1.0 1.0 1.0 1.0 1.0 1.0 1.0 1.0 1.0
1.0 1.0 1.0 1.0 1.0 1.0 1.0 1.0 1.0 1.0
1.0 1.0 1.0 1.0 1.0 1.0 1.0 1.0 1.0 1.0
1.0 1.0 1.0 1.0 1.0 1.0 1.0 1.0 1.0 1.0
1.0 1.0 1.0 1.0 1.0 1.0 1.0 1.0 1.0 1.0
1.0 1.0 1.0 1.0 1.0 1.0 1.0 1.0 1.0 1.0
1.0 1.0 1.0 1.0 1.0 1.0 1.0 1.0 1.0 1.0
1.0 1.0 1.0 1.0 1.0 1.0 1.0 1.0 1.0 1.0
1.0 1.0 1.0 1.0 1.0 1.0 1.0 1.0 1.0 1.0
1.0 1.0 1.0 1.0 1.0 1.0 1.0 1.0 1.0 1.0
1.0 1.0 1.0 1.0 1.0 1.0 1.0 1.0 1.0 1.0
1.0 1.0 1.0 1.0 1.0 1.0 1.0 1.0 1.0 1.0
1.0 1.0 1.0 1.0 1.0 1.0 1.0 1.0 1.0 1.0
1.0 1.0 1.0 1.0 1.0 1.0 1.0 1.0 1.0 1.0
1.0 1.0 1.0 1.0 1.0 1.0 1.0 1.0 1.0 1.0
1.0 1.0 1.0 1.0 1.0 1.0 1.0 1.0 1.0 1.0
1.0 1.0 1.0 1.0 1.0 1.0 1.0 1.0 1.0 1.0
1.0 1.0 1.0 1.0 1.0 1.0 1.0 1.0 1.0 1.0
1.0 1.0 1.0 1.0 1.0 1.0 1.0 1.0 1.0 1.0
1.0 1.0 1.0 1.0 1.0 1.0 1.0 1.0 1.0 1.0
1.0 1.0 1.0 1.0 1.0 1.0 1.0 1.0 1.0 1.0
1.0 1.0 1.0 1.0 1.0 1.0 1.0 1.0 1.0 1.0
1.0 1.0 1.0 1.0 1.0 1.0 1.0 1.0 1.0 1.0
1.0 1.0 1.0 1.0 1.0 1.0 1.0 1.0 1.0 1.0
1.0 1.0 1.0 1.0 1.0 1.0 1.0 1.0 1.0 1.0
1.0 1.0 1.0 1.0 1.0 1.0 1.0 1.0 1.0 1.0
1.0 1.0 1.0 1.0 1.0 1.0 1.0 1.0 1.0 1.0
1.0 1.0 1.0 1.0 1.0 1.0 1.0 1.0 1.0 1.0
1.0 1.0 1.0 1.0 1.0 1.0 1.0 1.0 1.0 1.0
1.0 1.0 1.0 1.0 1.0 1.0 1.0 1.0 1.0 1.0
1.0 1.0 1.0 1.0 1.0 1.0 1.0 1.0 1.0 0.0
0.5 0.5 0.0 0.0 0.0 0.0 0.0 0.0 0.0 0.0
0.0 0.0 0.0 0.0 0.0 0.0 0.0 0.0 0.0 0.0
0.0 0.0 0.0 0.0 0.0 0.0 0.0 0.0 0.0 0.0
0.0 0.0 0.0 0.0 0.0 0.0 0.0 0.0 0.0 0.0
0.0 0.0 0.0 0.0 0.0 0.0 0.0 0.0 0.0 0.0
0.0 0.0 0.0 0.0 0.0 0.0 0.0 0.0 0.0 0.0
0.0 0.0 0.0 0.0 0.0 0.0 0.0 0.0 0.0 0.0
0.0 0.0 0.0 0.0 0.0 0.0 0.0 0.0 0.0 0.0
0.0 0.0 0.0 0.0 0.0 0.0 0.0 0.0 0.0 0.0
0.0 0.0 0.0 0.0 0.0 0.0 0.0 0.0 0.0 0.0
0.0 0.0 0.0 0.0 0.0 0.0 0.0 0.0 0.0 0.0
0.0 0.0 0.0 0.0 0.0 0.0 0.0 0.0 0.0 0.0
0.0 0.0 0.0 0.0 0.0 0.0 0.0 0.0 0.0 0.0
0.0 0.0 0.0 0.0 0.0 0.0 0.0 0.0 0.0 0.0
0.0 0.0 0.0 0.0 0.0 0.0 0.0 0.0 0.0 0.0
0.0 0.0 0.0 0.0 0.0 0.0 0.0 0.0 0.0 0.0
0.0 0.0 0.0 0.0 0.0 0.0 0.0 0.0 0.0 0.0
0.0 0.0 0.0 0.0 0.0 0.0 0.0 0.0 0.0 0.0
0.0 0.0 0.0 0.0 0.0 0.0 0.0 0.0 0.0 0.0
0.0 0.0 0.0 0.0 0.0 0.0 0.0 0.0 0.0 0.0
0.0 0.0 0.0 0.0 0.0 0.0 0.0 0.0 0.0 0.0
0.0 0.0 0.0 0.0 0.0 0.0 0.0 0.0 0.0 0.0
0.0 0.0 0.0 0.0 0.0 0.0 0.0 0.0 0.0 0.0
0.0 0.0 0.0 0.0 0.0 0.0 0.0 0.0 0.0 0.0
0.0 0.0 0.0 0.0 0.0 0.0 0.0 0.0 0.0 0.0
0.0 0.0 0.0 0.0 0.0 0.0 0.0 0.0 0.0 0.0
0.0 0.0 0.0 0.0 0.0 0.0 0.0 0.0 0.0 0.0
0.0 0.0 0.0 0.0 0.0 0.0 0.0 0.0 0.0 0.0
0.0 0.0 0.0 0.0 0.0 0.0 0.0 0.0 0.0 0.0
0.0 0.0 0.0 0.0 0.0 0.0 0.0 0.0 0.0 0.0
0.0 0.0 0.0 0.0 0.0 0.0 0.0 0.0 0.0 0.0
0.0 0.0 0.0 0.0 0.0 0.0 0.0 0.0 0.0 0.0
0.0 0.0 0.0 0.0 0.0 0.0 0.0 0.0 0.0 0.0
0.0 0.0 0.0 0.0 0.0 0.0 0.0 0.0 0.0 0.0
0.0 0.0 0.0 0.0 0.0 0.0 0.0 0.0 0.0 0.0
0.0 0.0 0.0 0.0 0.0 0.0 0.0 0.0 0.0 0.0
0.0 0.0 0.0 0.0 0.0 0.0 0.0 0.0 0.0 0.0
0.0 0.0 0.0 0.0 0.0 0.0 0.0 0.0 0.0 0.0
0.0 0.0 0.0 0.0 0.0 0.0 0.0 0.0 0.0 0.0
0.0 0.0 0.0 0.0 0.0 0.0 0.0 0.0 0.0 0.0
0.0 0.0 0.0 0.0 0.0 0.0 0.0 0.0 0.0 0.0
0.0 0.0 0.0 0.0 0.0 0.0 0.0 0.0 0.0 0.0
0.0 0.0 0.0 0.0 0.0 0.0 0.0 0.0 0.0 0.0
0.0 0.0
