&CONTROL
  calculation = 'scf',
  prefix      = 'diamond_pd',
  outdir      = './tmp',
  pseudo_dir  = '../../pseudos/',
  verbosity = 'low',
  tprnfor = .true.,
  tstress = .true.,
  forc_conv_thr = 5.0d-4,
  etot_conv_thr = 1.0d-4,
  restart_mode = 'from_scratch',
  nstep         = 140,
  disk_io = 'nowf',
/

&SYSTEM
  ibrav =  0,
  nat  = 215,
  ntyp = 2,
  ecutwfc = 45.0,
  ecutrho = 180.0,
  occupations = 'from_input',
  !smearing    = 'gaussian'
  !degauss     = 0.005
  nspin       = 2
  !starting_magnetization(1) = 0.0
  !starting_magnetization(2) = 0.1
  tot_magnetization = 2.0
  nbnd = 862,
  tot_charge = -1.0
/

&ELECTRONS
  conv_thr = 1.0d-8,
  electron_maxstep = 100,
  mixing_beta = 0.7,
  mixing_mode = 'plain',
  scf_must_converge = .TRUE.,
  startingwfc = 'random',
/

ATOMIC_SPECIES
  C  12.0107 C.pbe-n-kjpaw_psl.1.0.0.UPF
  N  14.0067 N.pbe-n-kjpaw_psl.1.0.0.UPF

K_POINTS (automatic)
1 1 1 0 0 0

CELL_PARAMETERS {angstrom}
  -7.5777929652   0.0000000000   7.5777929652
   4.3750408084   8.7500816165   4.3750408084
  -6.1872420470   6.1872420472  -6.1872420470

ATOMIC_POSITIONS (crystal)
C     0.0001157271   0.0000824821   0.0000824817
C     0.0002384962   0.0002849195   0.3333962717
C     0.0000502080   0.0000168001   0.6667452023
C     0.0002384961   0.3333962726   0.0002849189
C     0.0006399851   0.3338535338   0.3338535347
C    -0.0000761736   0.3333751080   0.6667977514
C     0.0000502079   0.6667452033   0.0000167998
C    -0.0000761713   0.6667977518   0.3333751079
C     0.0003840169   0.6664290799   0.6664290813
C     0.3333813447   0.0001428682   0.0001428664
C     0.3334114164   0.0000032281   0.3334869988
C     0.3333983332   0.0001449086   0.6665904631
C     0.3334114163   0.3334870012   0.0000032262
C     0.3365941523   0.3339260158   0.3339260152
C     0.3320581884   0.3345562632   0.6658051011
C     0.3333983335   0.6665904648   0.0001449068
C     0.3320581945   0.6658051102   0.3345562565
C     0.3342359795   0.6661632495   0.6661632504
C     0.6666916065   0.0000116520   0.0000116502
C     0.6667290666  -0.0001600339   0.3333762692
C     0.6666596888   0.0002271718   0.6666983900
C     0.6667290650   0.3333762715  -0.0001600365
C     0.6672919842   0.3330716352   0.3330716322
C     0.6658175930   0.3336766248   0.6658841237
C     0.6666596894   0.6666983921   0.0002271698
C     0.6658175946   0.6658841283   0.3336766238
C     0.6668517013   0.6668134348   0.6668134324
C     0.1667659164   0.1668045831   0.0002266282
C     0.1675775951   0.1676436940   0.3336755181
C     0.1666503188   0.1666117589   0.6668133536
C     0.1668737833   0.5000660260   0.0001447500
C     0.1676563614   0.5014031629   0.3345552205
C     0.1672993250   0.4992264672   0.6661636991
C     0.1667192348   0.8334141662   0.0000166462
C     0.1666664706   0.8335400582   0.3333756106
C     0.1670353375   0.8330800860   0.6664288086
C     0.5000879706   0.1667351947  -0.0001600875
C     0.5003921126   0.1661711054   0.3330708967
C     0.4997868585   0.1676454699   0.6658848603
C     0.4999772622   0.5000528924   0.0000034452
C     0.4995315344   0.4968644030   0.3339279992
C     0.4989048809   0.5014040177   0.6658041071
C     0.5000679653   0.8332256378   0.0002853759
C     0.4996094833   0.8328226015   0.3338543496
C     0.5000886518   0.8335398010   0.6667978345
C     0.8334527099   0.1667726590   0.0000115493
C     0.8336240116   0.1667352938   0.3333762934
C     0.8332373173   0.1668048799   0.6666982573
C     0.8333210457   0.5000829623   0.0001430895
C     0.8334606653   0.5000528973   0.3334871581
C     0.8333191663   0.5000659735   0.6665903198
C     0.8333819554   0.8333486046   0.0000826146
C     0.8331788168   0.8332253167   0.3333963253
C     0.8334478395   0.8334144148   0.6667452897
C     0.1667659165   0.0002266289   0.1668045826
C     0.1668737829   0.0001447508   0.5000660243
C     0.1667192347   0.0000166471   0.8334141655
C     0.1675775967   0.3336755174   0.1676436924
C     0.1676563656   0.3345552265   0.5014031682
C     0.1666664683   0.3333756099   0.8335400579
C     0.1666503203   0.6668133546   0.1666117579
C     0.1672993271   0.6661636966   0.4992264778
C     0.1670353365   0.6664288080   0.8330800853
C     0.5000879712  -0.0001600853   0.1667351920
C     0.4999772625   0.0000034481   0.5000528900
C     0.5000679649   0.0002853780   0.8332256361
C     0.5003921122   0.3330709004   0.1661711040
C     0.4995315372   0.3339279958   0.4968643945
C     0.4996094802   0.3338543512   0.8328225981
C     0.4997868604   0.6658848630   0.1676454677
C     0.4989048877   0.6658041160   0.5014040210
C     0.5000886518   0.6667978365   0.8335397979
C     0.8334527103   0.0000115511   0.1667726579
C     0.8333210473   0.0001430907   0.5000829610
C     0.8333819548   0.0000826154   0.8333486031
C     0.8336240115   0.3333762952   0.1667352924
C     0.8334606646   0.3334871605   0.5000528947
C     0.8331788151   0.3333963267   0.8332253145
C     0.8332373184   0.6666982595   0.1668048786
C     0.8333191672   0.6665903221   0.5000659715
C     0.8334478388   0.6667452907   0.8334144142
C     0.0003625089   0.1669386848   0.1669386841
C    -0.0002805637   0.1663851582   0.5002295194
C     0.0000776647   0.1667834741   0.8333867088
C    -0.0002805640   0.5002295195   0.1663851557
C     0.0005393264   0.5001402740   0.5001402751
C    -0.0004313422   0.4999502031   0.8338957566
C     0.0000776657   0.8333867101   0.1667834737
C    -0.0004313405   0.8338957567   0.4999502041
C     0.0001968435   0.8332677071   0.8332677073
C     0.3335721617   0.1664285724   0.1664285703
C     0.3334591879   0.1671332092   0.5000031140
C     0.3332343608   0.1663860218   0.8337440279
C     0.3334591905   0.5000031160   0.1671332087
C     0.3333236479   0.5001404435   0.8329242274
C     0.3332343628   0.8337440308   0.1663860192
C     0.3333236502   0.8329242293   0.5001404432
C     0.3335142092   0.8338952515   0.8338952497
C     0.6668665906   0.1665977076   0.1665977049
C     0.6670344212   0.1664297624   0.4998914519
C     0.6665252046   0.1669390721   0.8331012023
C     0.6670344202   0.4998914540   0.1664297613
C     0.6663287406   0.5000034090   0.5000034047
C     0.6670777945   0.5002300183   0.8337434879
C     0.6665252059   0.8331012045   0.1669390701
C     0.6670777964   0.8337434919   0.5002300166
C     0.6666812143   0.8333870588   0.8333870568
C     0.0834972178   0.0835229570   0.0835229564
C     0.0837240738   0.0837374774   0.4168907285
C     0.0833747870   0.0832957790   0.7500897952
C     0.0837240747   0.4168907296   0.0837374764
C     0.0842306513   0.4172717701   0.4172717702
C     0.0824717756   0.4169864113   0.7509921654
C     0.0833747880   0.7500897958   0.0832957792
C     0.0824717785   0.7509921633   0.4169864133
C     0.0836214655   0.7498431624   0.7498431622
C     0.4167916791   0.0832401424   0.0832401403
C     0.4167815378   0.0833250255   0.4166825866
C     0.4165734220   0.0837384774   0.7497398391
C     0.4167815375   0.4166825902   0.0833250236
C     0.4161905889   0.4172724146   0.7492314723
C     0.4165734232   0.7497398416   0.0837384749
C     0.4161905916   0.7492314753   0.4172724146
C     0.4164778045   0.7509917497   0.7509917489
C     0.7501400272   0.0833245210   0.0833245194
C     0.7502237177   0.0832405968   0.4166727797
C     0.7499414447   0.0835232970   0.7499671771
C     0.7502237166   0.4166727820   0.0832405956
C     0.7501388453   0.4166829528   0.4166829495
C     0.7497255726   0.4168910808   0.7497393293
C     0.7499414456   0.7499671790   0.0835232954
C     0.7497255747   0.7497393332   0.4168910787
C     0.7501688531   0.7500899752   0.7500899738
C     0.2502524172   0.2501700958   0.0835572064
C     0.2513716299   0.2515013900   0.4176286573
C     0.2502900749   0.2491999544   0.7508622316
C     0.2500901843   0.5833740172   0.0835182101
C     0.2430212427   0.5904372993   0.4103266372
C     0.2503644681   0.5830988851   0.7494674243
C     0.2501380510   0.9169813619   0.0832250874
C     0.2500935986   0.9166634877   0.4167986245
C     0.2501031149   0.9167535012   0.7500582282
C     0.5835906906   0.2498736834   0.0830273688
C     0.5843230003   0.2491400213   0.4163028302
C     0.5829834336   0.2504806934   0.7495810134
C     0.5832939201   0.5832117071   0.0835581905
C     0.5819581574   0.5820883599   0.4176298274
C     0.5842632793   0.5831736545   0.7508614834
C     0.5833351834   0.9165194211   0.0834985166
C     0.5833210299   0.9165630037   0.4167975439
C     0.5833750632   0.9168866999   0.7500228901
C     0.9169448467   0.2501292326   0.0834982053
C     0.9169007495   0.2501432180   0.4167972122
C     0.9165778553   0.2500898256   0.7500226838
C     0.9164826309   0.5833263678   0.0832247724
C     0.9168009873   0.5833710855   0.4167984668
C     0.9167110260   0.5833615978   0.7500583176
C     0.9167614611   0.9167031296   0.0834199356
C     0.9164518539   0.9170122303   0.4168101464
C     0.9168053505   0.9166594166   0.7500179149
C     0.2502524170   0.0835572088   0.2501700948
C     0.2500901836   0.0835182107   0.5833740155
C     0.2501380504   0.0832250887   0.9169813606
C     0.2513716307   0.4176286556   0.2515013899
C     0.2430212645   0.4103266638   0.5904372777
C     0.2500935977   0.4167986259   0.9166634865
C     0.2502900775   0.7508622349   0.2491999524
C     0.2503644697   0.7494674228   0.5830988873
C     0.2501031148   0.7500582290   0.9167534992
C     0.5835906913   0.0830273707   0.2498736806
C     0.5832939191   0.0835581934   0.5832117046
C     0.5833351830   0.0834985187   0.9165194193
C     0.5843229993   0.4163028340   0.2491400210
C     0.5819581547   0.4176298263   0.5820883530
C     0.5833210277   0.4167975461   0.9165629991
C     0.5829834361   0.7495810171   0.2504806908
C     0.5842632816   0.7508614882   0.5831736538
C     0.5833750634   0.7500228918   0.9168866975
C     0.9169448468   0.0834982063   0.2501292315
C     0.9164826310   0.0832247736   0.5833263666
C     0.9167614608   0.0834199359   0.9167031284
C     0.9169007506   0.4167972139   0.2501432169
C     0.9168009858   0.4167984686   0.5833710833
C     0.9164518522   0.4168101473   0.9170122300
C     0.9165778578   0.7500226846   0.2500898257
C     0.9167110275   0.7500583177   0.5833615970
C     0.9168053503   0.7500179156   0.9166594163
C     0.0838821063   0.2504798344   0.2504798340
C     0.0826008740   0.2491992198   0.5831731996
C     0.0834418817   0.2500898410   0.9168863851
C     0.0826008737   0.5831731983   0.2491992175
C     0.0839962454   0.5830990394   0.5830990431
C     0.0834063903   0.5833616555   0.9167535152
C     0.0834418829   0.9168863850   0.2500898418
C     0.0834063912   0.9167535155   0.5833616547
C     0.0834467189   0.9166593871   0.9166593867
C     0.4171599334   0.2491388435   0.2491388416
C     0.4158320101   0.2515031266   0.5820888533
C     0.4166671766   0.2501436525   0.9165630527
C     0.4158320121   0.5820888584   0.2515031250
C     0.4231309076   0.5904363511   0.5904363521
C     0.4166663183   0.5833712216   0.9166636019
C     0.4166671776   0.9165630557   0.2501436499
C     0.4166663184   0.9166636048   0.5833712193
C     0.4166545258   0.9170123141   0.9170123125
C     0.7504365926   0.2498738967   0.2498738948
C     0.7499061613   0.2501708273   0.5832116380
C     0.7499661074   0.2501293826   0.9165193320
C     0.7499061622   0.5832116411   0.2501708251
C     0.7499456252   0.5833740523   0.5833740499
C     0.7502391704   0.5833265359   0.9169812000
C     0.7499661085   0.9165193340   0.2501293811
C     0.7502391716   0.9169812022   0.5833265345
C     0.7500448395   0.9167033182   0.9167033169
N     0.4231399630   0.4103165255   0.4103165283

OCCUPATIONS
1.0 1.0 1.0 1.0 1.0 1.0 1.0 1.0 1.0 1.0
1.0 1.0 1.0 1.0 1.0 1.0 1.0 1.0 1.0 1.0
1.0 1.0 1.0 1.0 1.0 1.0 1.0 1.0 1.0 1.0
1.0 1.0 1.0 1.0 1.0 1.0 1.0 1.0 1.0 1.0
1.0 1.0 1.0 1.0 1.0 1.0 1.0 1.0 1.0 1.0
1.0 1.0 1.0 1.0 1.0 1.0 1.0 1.0 1.0 1.0
1.0 1.0 1.0 1.0 1.0 1.0 1.0 1.0 1.0 1.0
1.0 1.0 1.0 1.0 1.0 1.0 1.0 1.0 1.0 1.0
1.0 1.0 1.0 1.0 1.0 1.0 1.0 1.0 1.0 1.0
1.0 1.0 1.0 1.0 1.0 1.0 1.0 1.0 1.0 1.0
1.0 1.0 1.0 1.0 1.0 1.0 1.0 1.0 1.0 1.0
1.0 1.0 1.0 1.0 1.0 1.0 1.0 1.0 1.0 1.0
1.0 1.0 1.0 1.0 1.0 1.0 1.0 1.0 1.0 1.0
1.0 1.0 1.0 1.0 1.0 1.0 1.0 1.0 1.0 1.0
1.0 1.0 1.0 1.0 1.0 1.0 1.0 1.0 1.0 1.0
1.0 1.0 1.0 1.0 1.0 1.0 1.0 1.0 1.0 1.0
1.0 1.0 1.0 1.0 1.0 1.0 1.0 1.0 1.0 1.0
1.0 1.0 1.0 1.0 1.0 1.0 1.0 1.0 1.0 1.0
1.0 1.0 1.0 1.0 1.0 1.0 1.0 1.0 1.0 1.0
1.0 1.0 1.0 1.0 1.0 1.0 1.0 1.0 1.0 1.0
1.0 1.0 1.0 1.0 1.0 1.0 1.0 1.0 1.0 1.0
1.0 1.0 1.0 1.0 1.0 1.0 1.0 1.0 1.0 1.0
1.0 1.0 1.0 1.0 1.0 1.0 1.0 1.0 1.0 1.0
1.0 1.0 1.0 1.0 1.0 1.0 1.0 1.0 1.0 1.0
1.0 1.0 1.0 1.0 1.0 1.0 1.0 1.0 1.0 1.0
1.0 1.0 1.0 1.0 1.0 1.0 1.0 1.0 1.0 1.0
1.0 1.0 1.0 1.0 1.0 1.0 1.0 1.0 1.0 1.0
1.0 1.0 1.0 1.0 1.0 1.0 1.0 1.0 1.0 1.0
1.0 1.0 1.0 1.0 1.0 1.0 1.0 1.0 1.0 1.0
1.0 1.0 1.0 1.0 1.0 1.0 1.0 1.0 1.0 1.0
1.0 1.0 1.0 1.0 1.0 1.0 1.0 1.0 1.0 1.0
1.0 1.0 1.0 1.0 1.0 1.0 1.0 1.0 1.0 1.0
1.0 1.0 1.0 1.0 1.0 1.0 1.0 1.0 1.0 1.0
1.0 1.0 1.0 1.0 1.0 1.0 1.0 1.0 1.0 1.0
1.0 1.0 1.0 1.0 1.0 1.0 1.0 1.0 1.0 1.0
1.0 1.0 1.0 1.0 1.0 1.0 1.0 1.0 1.0 1.0
1.0 1.0 1.0 1.0 1.0 1.0 1.0 1.0 1.0 1.0
1.0 1.0 1.0 1.0 1.0 1.0 1.0 1.0 1.0 1.0
1.0 1.0 1.0 1.0 1.0 1.0 1.0 1.0 1.0 1.0
1.0 1.0 1.0 1.0 1.0 1.0 1.0 1.0 1.0 1.0
1.0 1.0 1.0 1.0 1.0 1.0 1.0 1.0 1.0 1.0
1.0 1.0 1.0 1.0 1.0 1.0 1.0 1.0 1.0 1.0
1.0 1.0 1.0 1.0 1.0 1.0 1.0 1.0 1.0 1.0
1.0 1.0 0.0 0.0 0.0 0.0 0.0 0.0 0.0 0.0
0.0 0.0 0.0 0.0 0.0 0.0 0.0 0.0 0.0 0.0
0.0 0.0 0.0 0.0 0.0 0.0 0.0 0.0 0.0 0.0
0.0 0.0 0.0 0.0 0.0 0.0 0.0 0.0 0.0 0.0
0.0 0.0 0.0 0.0 0.0 0.0 0.0 0.0 0.0 0.0
0.0 0.0 0.0 0.0 0.0 0.0 0.0 0.0 0.0 0.0
0.0 0.0 0.0 0.0 0.0 0.0 0.0 0.0 0.0 0.0
0.0 0.0 0.0 0.0 0.0 0.0 0.0 0.0 0.0 0.0
0.0 0.0 0.0 0.0 0.0 0.0 0.0 0.0 0.0 0.0
0.0 0.0 0.0 0.0 0.0 0.0 0.0 0.0 0.0 0.0
0.0 0.0 0.0 0.0 0.0 0.0 0.0 0.0 0.0 0.0
0.0 0.0 0.0 0.0 0.0 0.0 0.0 0.0 0.0 0.0
0.0 0.0 0.0 0.0 0.0 0.0 0.0 0.0 0.0 0.0
0.0 0.0 0.0 0.0 0.0 0.0 0.0 0.0 0.0 0.0
0.0 0.0 0.0 0.0 0.0 0.0 0.0 0.0 0.0 0.0
0.0 0.0 0.0 0.0 0.0 0.0 0.0 0.0 0.0 0.0
0.0 0.0 0.0 0.0 0.0 0.0 0.0 0.0 0.0 0.0
0.0 0.0 0.0 0.0 0.0 0.0 0.0 0.0 0.0 0.0
0.0 0.0 0.0 0.0 0.0 0.0 0.0 0.0 0.0 0.0
0.0 0.0 0.0 0.0 0.0 0.0 0.0 0.0 0.0 0.0
0.0 0.0 0.0 0.0 0.0 0.0 0.0 0.0 0.0 0.0
0.0 0.0 0.0 0.0 0.0 0.0 0.0 0.0 0.0 0.0
0.0 0.0 0.0 0.0 0.0 0.0 0.0 0.0 0.0 0.0
0.0 0.0 0.0 0.0 0.0 0.0 0.0 0.0 0.0 0.0
0.0 0.0 0.0 0.0 0.0 0.0 0.0 0.0 0.0 0.0
0.0 0.0 0.0 0.0 0.0 0.0 0.0 0.0 0.0 0.0
0.0 0.0 0.0 0.0 0.0 0.0 0.0 0.0 0.0 0.0
0.0 0.0 0.0 0.0 0.0 0.0 0.0 0.0 0.0 0.0
0.0 0.0 0.0 0.0 0.0 0.0 0.0 0.0 0.0 0.0
0.0 0.0 0.0 0.0 0.0 0.0 0.0 0.0 0.0 0.0
0.0 0.0 0.0 0.0 0.0 0.0 0.0 0.0 0.0 0.0
0.0 0.0 0.0 0.0 0.0 0.0 0.0 0.0 0.0 0.0
0.0 0.0 0.0 0.0 0.0 0.0 0.0 0.0 0.0 0.0
0.0 0.0 0.0 0.0 0.0 0.0 0.0 0.0 0.0 0.0
0.0 0.0 0.0 0.0 0.0 0.0 0.0 0.0 0.0 0.0
0.0 0.0 0.0 0.0 0.0 0.0 0.0 0.0 0.0 0.0
0.0 0.0 0.0 0.0 0.0 0.0 0.0 0.0 0.0 0.0
0.0 0.0 0.0 0.0 0.0 0.0 0.0 0.0 0.0 0.0
0.0 0.0 0.0 0.0 0.0 0.0 0.0 0.0 0.0 0.0
0.0 0.0 0.0 0.0 0.0 0.0 0.0 0.0 0.0 0.0
0.0 0.0 0.0 0.0 0.0 0.0 0.0 0.0 0.0 0.0
0.0 0.0 0.0 0.0 0.0 0.0 0.0 0.0 0.0 0.0
0.0 0.0 0.0 0.0 0.0 0.0 0.0 0.0 0.0 0.0
0.0 0.0

1.0 1.0 1.0 1.0 1.0 1.0 1.0 1.0 1.0 1.0
1.0 1.0 1.0 1.0 1.0 1.0 1.0 1.0 1.0 1.0
1.0 1.0 1.0 1.0 1.0 1.0 1.0 1.0 1.0 1.0
1.0 1.0 1.0 1.0 1.0 1.0 1.0 1.0 1.0 1.0
1.0 1.0 1.0 1.0 1.0 1.0 1.0 1.0 1.0 1.0
1.0 1.0 1.0 1.0 1.0 1.0 1.0 1.0 1.0 1.0
1.0 1.0 1.0 1.0 1.0 1.0 1.0 1.0 1.0 1.0
1.0 1.0 1.0 1.0 1.0 1.0 1.0 1.0 1.0 1.0
1.0 1.0 1.0 1.0 1.0 1.0 1.0 1.0 1.0 1.0
1.0 1.0 1.0 1.0 1.0 1.0 1.0 1.0 1.0 1.0
1.0 1.0 1.0 1.0 1.0 1.0 1.0 1.0 1.0 1.0
1.0 1.0 1.0 1.0 1.0 1.0 1.0 1.0 1.0 1.0
1.0 1.0 1.0 1.0 1.0 1.0 1.0 1.0 1.0 1.0
1.0 1.0 1.0 1.0 1.0 1.0 1.0 1.0 1.0 1.0
1.0 1.0 1.0 1.0 1.0 1.0 1.0 1.0 1.0 1.0
1.0 1.0 1.0 1.0 1.0 1.0 1.0 1.0 1.0 1.0
1.0 1.0 1.0 1.0 1.0 1.0 1.0 1.0 1.0 1.0
1.0 1.0 1.0 1.0 1.0 1.0 1.0 1.0 1.0 1.0
1.0 1.0 1.0 1.0 1.0 1.0 1.0 1.0 1.0 1.0
1.0 1.0 1.0 1.0 1.0 1.0 1.0 1.0 1.0 1.0
1.0 1.0 1.0 1.0 1.0 1.0 1.0 1.0 1.0 1.0
1.0 1.0 1.0 1.0 1.0 1.0 1.0 1.0 1.0 1.0
1.0 1.0 1.0 1.0 1.0 1.0 1.0 1.0 1.0 1.0
1.0 1.0 1.0 1.0 1.0 1.0 1.0 1.0 1.0 1.0
1.0 1.0 1.0 1.0 1.0 1.0 1.0 1.0 1.0 1.0
1.0 1.0 1.0 1.0 1.0 1.0 1.0 1.0 1.0 1.0
1.0 1.0 1.0 1.0 1.0 1.0 1.0 1.0 1.0 1.0
1.0 1.0 1.0 1.0 1.0 1.0 1.0 1.0 1.0 1.0
1.0 1.0 1.0 1.0 1.0 1.0 1.0 1.0 1.0 1.0
1.0 1.0 1.0 1.0 1.0 1.0 1.0 1.0 1.0 1.0
1.0 1.0 1.0 1.0 1.0 1.0 1.0 1.0 1.0 1.0
1.0 1.0 1.0 1.0 1.0 1.0 1.0 1.0 1.0 1.0
1.0 1.0 1.0 1.0 1.0 1.0 1.0 1.0 1.0 1.0
1.0 1.0 1.0 1.0 1.0 1.0 1.0 1.0 1.0 1.0
1.0 1.0 1.0 1.0 1.0 1.0 1.0 1.0 1.0 1.0
1.0 1.0 1.0 1.0 1.0 1.0 1.0 1.0 1.0 1.0
1.0 1.0 1.0 1.0 1.0 1.0 1.0 1.0 1.0 1.0
1.0 1.0 1.0 1.0 1.0 1.0 1.0 1.0 1.0 1.0
1.0 1.0 1.0 1.0 1.0 1.0 1.0 1.0 1.0 1.0
1.0 1.0 1.0 1.0 1.0 1.0 1.0 1.0 1.0 1.0
1.0 1.0 1.0 1.0 1.0 1.0 1.0 1.0 1.0 1.0
1.0 1.0 1.0 1.0 1.0 1.0 1.0 1.0 1.0 1.0
1.0 1.0 1.0 1.0 1.0 1.0 1.0 1.0 1.0 0.0
0.5 0.5 0.0 0.0 0.0 0.0 0.0 0.0 0.0 0.0
0.0 0.0 0.0 0.0 0.0 0.0 0.0 0.0 0.0 0.0
0.0 0.0 0.0 0.0 0.0 0.0 0.0 0.0 0.0 0.0
0.0 0.0 0.0 0.0 0.0 0.0 0.0 0.0 0.0 0.0
0.0 0.0 0.0 0.0 0.0 0.0 0.0 0.0 0.0 0.0
0.0 0.0 0.0 0.0 0.0 0.0 0.0 0.0 0.0 0.0
0.0 0.0 0.0 0.0 0.0 0.0 0.0 0.0 0.0 0.0
0.0 0.0 0.0 0.0 0.0 0.0 0.0 0.0 0.0 0.0
0.0 0.0 0.0 0.0 0.0 0.0 0.0 0.0 0.0 0.0
0.0 0.0 0.0 0.0 0.0 0.0 0.0 0.0 0.0 0.0
0.0 0.0 0.0 0.0 0.0 0.0 0.0 0.0 0.0 0.0
0.0 0.0 0.0 0.0 0.0 0.0 0.0 0.0 0.0 0.0
0.0 0.0 0.0 0.0 0.0 0.0 0.0 0.0 0.0 0.0
0.0 0.0 0.0 0.0 0.0 0.0 0.0 0.0 0.0 0.0
0.0 0.0 0.0 0.0 0.0 0.0 0.0 0.0 0.0 0.0
0.0 0.0 0.0 0.0 0.0 0.0 0.0 0.0 0.0 0.0
0.0 0.0 0.0 0.0 0.0 0.0 0.0 0.0 0.0 0.0
0.0 0.0 0.0 0.0 0.0 0.0 0.0 0.0 0.0 0.0
0.0 0.0 0.0 0.0 0.0 0.0 0.0 0.0 0.0 0.0
0.0 0.0 0.0 0.0 0.0 0.0 0.0 0.0 0.0 0.0
0.0 0.0 0.0 0.0 0.0 0.0 0.0 0.0 0.0 0.0
0.0 0.0 0.0 0.0 0.0 0.0 0.0 0.0 0.0 0.0
0.0 0.0 0.0 0.0 0.0 0.0 0.0 0.0 0.0 0.0
0.0 0.0 0.0 0.0 0.0 0.0 0.0 0.0 0.0 0.0
0.0 0.0 0.0 0.0 0.0 0.0 0.0 0.0 0.0 0.0
0.0 0.0 0.0 0.0 0.0 0.0 0.0 0.0 0.0 0.0
0.0 0.0 0.0 0.0 0.0 0.0 0.0 0.0 0.0 0.0
0.0 0.0 0.0 0.0 0.0 0.0 0.0 0.0 0.0 0.0
0.0 0.0 0.0 0.0 0.0 0.0 0.0 0.0 0.0 0.0
0.0 0.0 0.0 0.0 0.0 0.0 0.0 0.0 0.0 0.0
0.0 0.0 0.0 0.0 0.0 0.0 0.0 0.0 0.0 0.0
0.0 0.0 0.0 0.0 0.0 0.0 0.0 0.0 0.0 0.0
0.0 0.0 0.0 0.0 0.0 0.0 0.0 0.0 0.0 0.0
0.0 0.0 0.0 0.0 0.0 0.0 0.0 0.0 0.0 0.0
0.0 0.0 0.0 0.0 0.0 0.0 0.0 0.0 0.0 0.0
0.0 0.0 0.0 0.0 0.0 0.0 0.0 0.0 0.0 0.0
0.0 0.0 0.0 0.0 0.0 0.0 0.0 0.0 0.0 0.0
0.0 0.0 0.0 0.0 0.0 0.0 0.0 0.0 0.0 0.0
0.0 0.0 0.0 0.0 0.0 0.0 0.0 0.0 0.0 0.0
0.0 0.0 0.0 0.0 0.0 0.0 0.0 0.0 0.0 0.0
0.0 0.0 0.0 0.0 0.0 0.0 0.0 0.0 0.0 0.0
0.0 0.0 0.0 0.0 0.0 0.0 0.0 0.0 0.0 0.0
0.0 0.0 0.0 0.0 0.0 0.0 0.0 0.0 0.0 0.0
0.0 0.0
