# k-point: 0.000000  0.000000  0.000000
# band     ipr_up            ipr_norm_up       ipr_dw            ipr_norm_dw       Energy_up(eV)   Energy_dw(eV)
     1   2.1027633594e-06   0.0000000000e+00   2.1027634220e-06   0.0000000000e+00      -8.380300      -8.380300
     2   1.1840669454e-05   8.1613948324e-02   1.1840691824e-05   8.1614086092e-02      -7.510800      -7.510800
     3   4.2608402048e-06   1.8086965558e-02   4.2608403559e-06   1.8086955399e-02      -7.379100      -7.379100
     4   4.2608649500e-06   1.8087172948e-02   4.2608645627e-06   1.8087158277e-02      -7.379100      -7.379100
     5   4.4554637246e-06   1.9718116416e-02   4.4554628875e-06   1.9718096992e-02      -7.308400      -7.308400
     6   4.4556213188e-06   1.9719437222e-02   4.4556211086e-06   1.9719423051e-02      -7.308300      -7.308300
     7   5.3809345675e-06   2.7474540519e-02   5.3809332342e-06   2.7474512262e-02      -7.204000      -7.204000
     8   2.1109668354e-05   1.5929795861e-01   2.1109697168e-05   1.5929810357e-01      -6.679600      -6.679600
     9   5.2959389774e-06   2.6762187614e-02   5.2959424000e-06   2.6762199646e-02      -6.372500      -6.372500
    10   5.2964695248e-06   2.6766634162e-02   5.2964675793e-06   2.6766601201e-02      -6.372500      -6.372500
    11   6.1949729549e-06   3.4297042836e-02   6.1949709270e-06   3.4297004644e-02      -6.348600      -6.348600
    12   6.1947808381e-06   3.4295432693e-02   6.1947804692e-06   3.4295408407e-02      -6.348600      -6.348600
    13   4.4902205518e-06   2.0009415374e-02   4.4902207900e-06   2.0009404787e-02      -6.334000      -6.334000
    14   6.4363245262e-06   3.6319824168e-02   6.4363255226e-06   3.6319810104e-02      -6.287100      -6.287100
    15   6.2499027496e-06   3.4757412589e-02   6.2499737674e-06   3.4757986320e-02      -6.284300      -6.284300
    16   6.2604599563e-06   3.4845893142e-02   6.2604639909e-06   3.4845905431e-02      -6.284300      -6.284300
    17   4.5656598358e-06   2.0641676332e-02   4.5656606483e-06   2.0641670176e-02      -6.174000      -6.174000
    18   4.5653523770e-06   2.0639099502e-02   4.5653526689e-06   2.0639088984e-02      -6.174000      -6.174000
    19   5.2324125984e-06   2.6229769396e-02   5.2324116532e-06   2.6229745142e-02      -6.009900      -6.009900
    20   1.0047349936e-05   6.6584034799e-02   1.0047355609e-05   6.6584041696e-02      -5.589700      -5.589700
    21   5.9200538383e-06   3.1992929984e-02   5.9200545024e-06   3.1992915744e-02      -5.297100      -5.297100
    22   4.2266866210e-06   1.7800722417e-02   4.2266972670e-06   1.7800800389e-02      -5.268900      -5.268900
    23   4.2273430962e-06   1.7806224373e-02   4.2273489897e-06   1.7806262511e-02      -5.268900      -5.268900
    24   4.3942469709e-06   1.9205055300e-02   4.3942468790e-06   1.9205042430e-02      -5.213600      -5.213600
    25   4.4361603973e-06   1.9556334125e-02   4.4361552921e-06   1.9556279028e-02      -5.205800      -5.205800
    26   4.4360888735e-06   1.9555734681e-02   4.4361020046e-06   1.9555832422e-02      -5.205800      -5.205800
    27   5.7853241138e-06   3.0863752452e-02   5.7853234794e-06   3.0863728009e-02      -4.980000      -4.980000
    28   5.5674775335e-06   2.9037967794e-02   5.5674782110e-06   2.9037955447e-02      -4.461600      -4.461600
    29   4.6891252121e-06   2.1676446717e-02   4.6891354656e-06   2.1676519063e-02      -4.340900      -4.340900
    30   4.6892780285e-06   2.1677727479e-02   4.6892873165e-06   2.1677791734e-02      -4.340900      -4.340900
    31   4.8557511187e-06   2.3072947976e-02   4.8557393355e-06   2.3072834790e-02      -4.320000      -4.320000
    32   4.8560886917e-06   2.3075777196e-02   4.8560603917e-06   2.3075525579e-02      -4.320000      -4.320000
    33   5.6731788690e-06   2.9923856737e-02   5.6731749625e-06   2.9923805437e-02      -4.277700      -4.277700
    34   1.1487025867e-05   7.8650041180e-02   1.1487026845e-05   7.8650001452e-02      -3.885100      -3.885100
    35   8.2670826687e-06   5.1663512943e-02   8.2670837196e-06   5.1663490089e-02      -3.473700      -3.473700
    36   6.9736273153e-06   4.0822989596e-02   6.9736195898e-06   4.0822899719e-02      -3.466900      -3.466900
    37   6.9742197130e-06   4.0827954514e-02   6.9742187931e-06   4.0827921674e-02      -3.466900      -3.466900
    38   7.0396112428e-06   4.1376004668e-02   7.0396258832e-06   4.1376101909e-02      -3.454500      -3.454500
    39   7.0397985806e-06   4.1377574758e-02   7.0398241133e-06   4.1377763286e-02      -3.454400      -3.454400
    40   7.1041790470e-06   4.1917151131e-02   7.1041829390e-06   4.1917157963e-02      -3.441600      -3.441600
    41   7.0460194408e-06   4.1429712143e-02   7.0460161864e-06   4.1429659374e-02      -3.425300      -3.425300
    42   6.6320087102e-06   3.7959864514e-02   6.6320108123e-06   3.7959858729e-02      -3.424200      -3.424200
    43   6.6330021669e-06   3.7968190731e-02   6.6330037879e-06   3.7968180909e-02      -3.424200      -3.424200
    44   6.0280511104e-06   3.2898061303e-02   6.0280228425e-06   3.2897804036e-02      -3.406900      -3.406900
    45   6.0289164662e-06   3.2905313899e-02   6.0289341524e-06   3.2905441772e-02      -3.406900      -3.406900
    46   6.1842180061e-06   3.4206904994e-02   6.1842281949e-06   3.4206969246e-02      -3.402300      -3.402300
    47   5.8192211440e-06   3.1147845402e-02   5.8192229466e-06   3.1147841213e-02      -3.385000      -3.385000
    48   5.8192781586e-06   3.1148323245e-02   5.8192633496e-06   3.1148179832e-02      -3.385000      -3.385000
    49   7.8529923396e-06   4.8192998195e-02   7.8529900830e-06   4.8192949712e-02      -3.329700      -3.329700
    50   6.2233213026e-06   3.4534631960e-02   6.2233512714e-06   3.4534861792e-02      -3.326900      -3.326900
    51   6.2260507585e-06   3.4557507686e-02   6.2260571092e-06   3.4557539560e-02      -3.326900      -3.326900
    52   1.0234307811e-05   6.8150939456e-02   1.0234303742e-05   6.8150863750e-02      -3.307800      -3.307800
    53   6.5933121836e-06   3.7635546710e-02   6.5933143858e-06   3.7635541959e-02      -3.305500      -3.305500
    54   6.5945408511e-06   3.7645844243e-02   6.5945119339e-06   3.7645578673e-02      -3.305500      -3.305500
    55   7.6017186464e-06   4.6087058990e-02   7.6017153727e-06   4.6087003252e-02      -3.212600      -3.212600
    56   7.5991714221e-06   4.6065710557e-02   7.5991786206e-06   4.6065742600e-02      -3.212600      -3.212600
    57   8.7428352436e-06   5.5650822502e-02   8.7428440701e-06   5.5650862413e-02      -3.098900      -3.098900
    58   6.7882247297e-06   3.9269119915e-02   6.7882204717e-06   3.9269060036e-02      -2.906700      -2.906700
    59   7.8016415267e-06   4.7762624092e-02   7.8016365655e-06   4.7762553202e-02      -2.704500      -2.704500
    60   7.8019152030e-06   4.7764917789e-02   7.8019118351e-06   4.7764860251e-02      -2.704500      -2.704500
    61   7.8510807372e-06   4.8176976945e-02   7.8510837434e-06   4.8176972580e-02      -2.669500      -2.669500
    62   7.0671943262e-06   4.1607180069e-02   7.0672311227e-06   4.1607462862e-02      -2.660900      -2.660900
    63   7.0682165552e-06   4.1615747429e-02   7.0682444881e-06   4.1615955930e-02      -2.660800      -2.660800
    64   7.8758537289e-06   4.8384600806e-02   7.8758526090e-06   4.8384561735e-02      -2.630800      -2.630800
    65   5.8935350406e-06   3.1770674423e-02   5.8935339494e-06   3.1770645606e-02      -2.630000      -2.630000
    66   5.9408684973e-06   3.2167378833e-02   5.9408748945e-06   3.2167412536e-02      -2.620700      -2.620700
    67   5.9406849767e-06   3.2165840736e-02   5.9406725899e-06   3.2165717011e-02      -2.620700      -2.620700
    68   6.5504718707e-06   3.7276499595e-02   6.5504720896e-06   3.7276478439e-02      -2.560800      -2.560800
    69   6.5504387135e-06   3.7276221703e-02   6.5504526138e-06   3.7276315212e-02      -2.560800      -2.560800
    70   6.6489561652e-06   3.8101902104e-02   6.6489561464e-06   3.8101878459e-02      -2.520000      -2.520000
    71   6.6897323288e-06   3.8443649465e-02   6.6897596843e-06   3.8443855039e-02      -2.504500      -2.504500
    72   6.6919419448e-06   3.8462168383e-02   6.6920856737e-06   3.8463349277e-02      -2.504500      -2.504500
    73   6.6087525424e-06   3.7764953241e-02   6.6087556524e-06   3.7764956021e-02      -2.493000      -2.493000
    74   6.6078921821e-06   3.7757742511e-02   6.6079019425e-06   3.7757801033e-02      -2.493000      -2.493000
    75   6.3761588471e-06   3.5815572168e-02   6.3761582424e-06   3.5815544990e-02      -2.427100      -2.427100
    76   6.5325456338e-06   3.7126258778e-02   6.5325464915e-06   3.7126243066e-02      -2.378800      -2.378800
    77   6.5311906257e-06   3.7114902378e-02   6.5311986751e-06   3.7114946947e-02      -2.378800      -2.378800
    78   8.4880386177e-06   5.3515357397e-02   8.4880439709e-06   5.3515369485e-02      -2.256800      -2.256800
    79   8.5445768036e-06   5.3989207169e-02   8.5445781817e-06   5.3989185656e-02      -2.088100      -2.088100
    80   8.5434897850e-06   5.3980096804e-02   8.5434870220e-06   5.3980040590e-02      -2.088100      -2.088100
    81   5.1612970653e-06   2.5633746043e-02   5.1612966988e-06   2.5633726997e-02      -1.528300      -1.528300
    82   8.1663622004e-06   5.0819368933e-02   8.1663653102e-06   5.0819363844e-02      -1.101400      -1.101400
    83   7.2122466033e-06   4.2822871505e-02   7.2122458097e-06   4.2822838521e-02      -0.951700      -0.951700
    84   7.2125833551e-06   4.2825693842e-02   7.2125818586e-06   4.2825654965e-02      -0.951700      -0.951700
    85   7.5809411737e-06   4.5912921802e-02   7.5809465508e-06   4.5912938672e-02      -0.895600      -0.895600
    86   6.2861301192e-06   3.5061036247e-02   6.2861282455e-06   3.5060998887e-02      -0.894200      -0.894200
    87   6.2851570375e-06   3.5052880793e-02   6.2851820972e-06   3.5053069169e-02      -0.894200      -0.894200
    88   5.9028158172e-06   3.1848457143e-02   5.9027721094e-06   3.1848071106e-02      -0.860300      -0.860300
    89   5.9038840112e-06   3.1857409738e-02   5.9038897207e-06   3.1857437865e-02      -0.860300      -0.860300
    90   6.9265204515e-06   4.0428184274e-02   6.9265209530e-06   4.0428163587e-02      -0.854600      -0.854600
    91   7.2864069976e-06   4.3444414014e-02   7.2864073503e-06   4.3444390263e-02      -0.761000      -0.761000
    92   7.2864388575e-06   4.3444681034e-02   7.2864417318e-06   4.3444678416e-02      -0.761000      -0.761000
    93   5.7142161734e-06   3.0267792734e-02   5.7142167984e-06   3.0267779205e-02      -0.324800      -0.324800
    94   6.2583243725e-06   3.4827994692e-02   6.2583220454e-06   3.4827953673e-02       0.290900       0.290900
    95   6.2979907871e-06   3.5160441183e-02   6.2979803791e-06   3.5160332238e-02       0.304100       0.304100
    96   6.2942011052e-06   3.5128679642e-02   6.2941923925e-06   3.5128584924e-02       0.304100       0.304100
    97   5.9590371204e-06   3.2319651103e-02   5.9590420771e-06   3.2319672642e-02       0.317600       0.317600
    98   5.9649190926e-06   3.2368948248e-02   5.9649256897e-06   3.2368983506e-02       0.317700       0.317700
    99   7.4671391829e-06   4.4959140804e-02   7.4671347420e-06   4.4959075963e-02       0.338800       0.338800
   100   7.1492783505e-06   4.2295130975e-02   7.1492782514e-06   4.2295104129e-02       0.683700       0.683700
   101   7.5426773676e-06   4.5592230653e-02   7.5426763707e-06   4.5592194295e-02       0.765200       0.765200
   102   6.8308686911e-06   3.9626521395e-02   6.8308612930e-06   3.9626434984e-02       0.770400       0.770400
   103   6.8290515816e-06   3.9611292097e-02   6.8290471983e-06   3.9611230962e-02       0.770400       0.770400
   104   7.3639956705e-06   4.4094689123e-02   7.3640047645e-06   4.4094738240e-02       0.799000       0.799000
   105   7.3621462334e-06   4.4079188885e-02   7.3621499916e-06   4.4079193292e-02       0.799100       0.799100
   106   7.5642528290e-06   4.5773055830e-02   7.5642540958e-06   4.5773038335e-02       0.808800       0.808800
   107   8.3312077242e-06   5.2200948703e-02   8.3312027427e-06   5.2200874967e-02       0.818400       0.818400
   108   8.0844117327e-06   5.0132537373e-02   8.0844073007e-06   5.0132469489e-02       0.835000       0.835000
   109   8.0873805211e-06   5.0157418958e-02   8.0873964106e-06   5.0157521375e-02       0.835000       0.835000
   110   7.6716851646e-06   4.6673452384e-02   7.6716970113e-06   4.6673523018e-02       0.854000       0.854000
   111   7.6702853902e-06   4.6661720794e-02   7.6702759634e-06   4.6661613141e-02       0.854100       0.854100
   112   6.6342250539e-06   3.7978439817e-02   6.6342256687e-06   3.7978421556e-02       0.898800       0.898800
   113   6.6339577535e-06   3.7976199557e-02   6.6339561723e-06   3.7976162893e-02       0.898800       0.898800
   114   1.0046255505e-05   6.6574862317e-02   1.0046256003e-05   6.6574825841e-02       0.932800       0.932800
   115   6.5176674318e-06   3.7001563715e-02   6.5176688915e-06   3.7001553124e-02       0.993100       0.993100
   116   6.5174418581e-06   3.6999673169e-02   6.5174671430e-06   3.6999862260e-02       0.993100       0.993100
   117   7.2540006745e-06   4.3172814766e-02   7.2540002944e-06   4.3172785036e-02       1.002400       1.002400
   118   6.9566872280e-06   4.0681013754e-02   6.9566917775e-06   4.0681026842e-02       1.010600       1.010600
   119   6.0238953320e-06   3.2863231486e-02   6.0238977415e-06   3.2863231350e-02       1.030400       1.030400
   120   6.0264416949e-06   3.2884572700e-02   6.0264333841e-06   3.2884482703e-02       1.030400       1.030400
   121   5.9034987089e-06   3.1854180497e-02   5.9035011761e-06   3.1854181453e-02       1.032700       1.032700
   122   6.2193619203e-06   3.4501448150e-02   6.2193591522e-06   3.4501403632e-02       1.044100       1.044100
   123   6.2217113215e-06   3.4521138617e-02   6.2217344980e-06   3.4521311530e-02       1.044100       1.044100
   124   6.9217961050e-06   4.0388589255e-02   6.9217909181e-06   4.0388520918e-02       1.047400       1.047400
   125   5.9620306579e-06   3.2344740111e-02   5.9620205521e-06   3.2344635396e-02       1.055000       1.055000
   126   6.7903765871e-06   3.9287154754e-02   6.7904584981e-06   3.9287817052e-02       1.059300       1.059300
   127   6.7868550750e-06   3.9257640760e-02   6.7868559181e-06   3.9257623641e-02       1.059300       1.059300
   128   5.6209100580e-06   2.9485788840e-02   5.6209012848e-06   2.9485697016e-02       1.069700       1.069700
   129   5.6194608192e-06   2.9473642687e-02   5.6194656227e-06   2.9473664657e-02       1.069700       1.069700
   130   7.7790155165e-06   4.7572994206e-02   7.7790152762e-06   4.7572962996e-02       1.089200       1.089200
   131   5.4498882729e-06   2.8052445471e-02   5.4498855636e-06   2.8052405332e-02       1.137100       1.137100
   132   5.2547064850e-06   2.6416615735e-02   5.2546967233e-06   2.6416517477e-02       1.144600       1.144600
   133   5.2535713042e-06   2.6407101720e-02   5.2535696920e-06   2.6407071768e-02       1.144600       1.144600
   134   5.3400317368e-06   2.7131731555e-02   5.3400280111e-06   2.7131683452e-02       1.190000       1.190000
   135   5.3407636442e-06   2.7137865713e-02   5.3407719043e-06   2.7137918060e-02       1.190000       1.190000
   136   6.6499021861e-06   3.8109830759e-02   6.6498907808e-06   3.8109711678e-02       1.196800       1.196800
   137   6.6450620610e-06   3.8069265394e-02   6.6450683797e-06   3.8069294883e-02       1.196800       1.196800
   138   6.1740451641e-06   3.4121645823e-02   6.1740198909e-06   3.4121412917e-02       1.209100       1.209100
   139   6.1738905041e-06   3.4120349608e-02   6.1738655496e-06   3.4120119375e-02       1.209100       1.209100
   140   5.3758291756e-06   2.7431751938e-02   5.3758294218e-06   2.7431736944e-02       1.224300       1.224300
   141   6.9061140698e-06   4.0257157221e-02   6.9061102131e-06   4.0257100110e-02       1.272300       1.272300
   142   6.9054425535e-06   4.0251529204e-02   6.9054369704e-06   4.0251457629e-02       1.272300       1.272300
   143   5.6825130384e-06   3.0002086945e-02   5.6825120194e-06   3.0002059798e-02       1.350800       1.350800
   144   4.9790027176e-06   2.4105926681e-02   4.9790029042e-06   2.4105913192e-02       1.520700       1.520700
   145   5.6667227462e-06   2.9869747602e-02   5.6667236276e-06   2.9869736463e-02       1.632400       1.632400
   146   5.6665421808e-06   2.9868234273e-02   5.6665428558e-06   2.9868221405e-02       1.632400       1.632400
   147   7.2470164387e-06   4.3114279486e-02   7.2470165745e-06   4.3114254115e-02       1.907500       1.907500
   148   7.3057127429e-06   4.3606216571e-02   7.3057095247e-06   4.3606162794e-02       2.181400       2.181400
   149   7.3061245364e-06   4.3609667836e-02   7.3061205502e-06   4.3609607620e-02       2.181400       2.181400
   150   5.7643117473e-06   3.0687646606e-02   5.7643127782e-06   3.0687636226e-02       2.198100       2.198100
   151   5.7923495536e-06   3.0922633065e-02   5.7923737128e-06   3.0922816384e-02       2.221700       2.221700
   152   5.7893978093e-06   3.0897894327e-02   5.7893952091e-06   3.0897853388e-02       2.221700       2.221700
   153   6.9558840549e-06   4.0674282314e-02   6.9558829687e-06   4.0674248173e-02       2.225800       2.225800
   154   7.4877662069e-06   4.5132017073e-02   7.4877662447e-06   4.5131989664e-02       2.260900       2.260900
   155   5.4111134089e-06   2.7727471116e-02   5.4111132120e-06   2.7727452231e-02       2.289000       2.289000
   156   5.4111476213e-06   2.7727757853e-02   5.4111489514e-06   2.7727751765e-02       2.289000       2.289000
   157   7.9224488281e-06   4.8775116999e-02   7.9224487844e-06   4.8775086713e-02       2.533700       2.533700
   158   7.9222463676e-06   4.8773420166e-02   7.9222475477e-06   4.8773400137e-02       2.533800       2.533800
   159   7.4477370155e-06   4.4796530128e-02   7.4477380454e-06   4.4796511237e-02       3.467100       3.467100
   160   8.2927726398e-06   5.1878822061e-02   8.2927679946e-06   5.1878751338e-02       3.678100       3.678100
   161   8.2905208913e-06   5.1859950028e-02   8.2905252680e-06   5.1859954929e-02       3.678100       3.678100
   162   4.9531036580e-06   2.3888865181e-02   4.9531048873e-06   2.3888860561e-02       3.701800       3.701800
   163   6.7901491894e-06   3.9285248921e-02   6.7901570536e-06   3.9285290630e-02       3.730800       3.730800
   164   7.1985519450e-06   4.2708095790e-02   7.1984679081e-06   4.2707365209e-02       3.740200       3.740200
   165   7.1962033265e-06   4.2688411884e-02   7.1961286868e-06   4.2687760073e-02       3.740200       3.740200
   166   5.4541074484e-06   2.8087806623e-02   5.4541175671e-06   2.8087873975e-02       3.755600       3.755600
   167   5.4526065863e-06   2.8075227812e-02   5.4526013975e-06   2.8075166878e-02       3.755600       3.755600
   168   4.1693400485e-06   1.7320097511e-02   4.1693384854e-06   1.7320073447e-02       3.764900       3.764900
   169   6.3621863296e-06   3.5698467699e-02   6.3621861895e-06   3.5698444485e-02       3.765700       3.765700
   170   4.8680149477e-06   2.3175731829e-02   4.8680110743e-06   2.3175684874e-02       3.779600       3.779600
   171   6.4858849085e-06   3.6735192569e-02   6.4858851670e-06   3.6735172071e-02       3.797600       3.797600
   172   6.4816230920e-06   3.6699474040e-02   6.4816211678e-06   3.6699435271e-02       3.797600       3.797600
   173   4.4993015106e-06   2.0085523410e-02   4.4993013858e-06   2.0085509734e-02       3.802000       3.802000
   174   6.1986585926e-06   3.4327932376e-02   6.1986529581e-06   3.4327863939e-02       3.823000       3.823000
   175   6.1971107372e-06   3.4314959711e-02   6.1970958298e-06   3.4314813565e-02       3.823000       3.823000
   176   7.8600439223e-06   4.8252097912e-02   7.8600477197e-06   4.8252100133e-02       3.937000       3.937000
   177   7.8575832255e-06   4.8231474672e-02   7.8575818531e-06   4.8231433576e-02       3.937000       3.937000
   178   6.2641075562e-06   3.4876463886e-02   6.2641053243e-06   3.4876423636e-02       3.940200       3.940200
   179   6.2300646683e-06   3.4591148494e-02   6.2300659325e-06   3.4591137717e-02       4.000700       4.000700
   180   8.0923187785e-06   5.0198806776e-02   8.0923224453e-06   5.0198806729e-02       4.317600       4.317600
   181   8.0921424826e-06   5.0197329230e-02   8.0921462020e-06   5.0197329625e-02       4.317700       4.317700
   182   8.2664180258e-06   5.1657942533e-02   8.2664201703e-06   5.1657928847e-02       4.368800       4.368800
   183   6.3056643426e-06   3.5224753691e-02   6.3056680401e-06   3.5224762926e-02       4.371700       4.371700
   184   7.8609106623e-06   4.8259362110e-02   7.8608065103e-06   4.8258459597e-02       4.394900       4.394900
   185   7.8530990088e-06   4.8193892195e-02   7.8531080578e-06   4.8193938464e-02       4.394900       4.394900
   186   8.5470719722e-06   5.4010119321e-02   8.5470764306e-06   5.4010123611e-02       4.396300       4.396300
   187   6.3525132674e-06   3.5617397211e-02   6.3520919813e-06   3.5613844400e-02       4.411400       4.411400
   188   6.3504583001e-06   3.5600174412e-02   6.3497782522e-06   3.5594452916e-02       4.411400       4.411400
   189   7.0367283356e-06   4.1351842859e-02   7.0367220712e-06   4.1351764909e-02       4.426700       4.426700
   190   7.0372373021e-06   4.1356108536e-02   7.0372053174e-06   4.1355815021e-02       4.426700       4.426700
   191   7.8028455977e-06   4.7772715481e-02   7.8028420759e-06   4.7772656647e-02       4.435400       4.435400
   192   7.7877355722e-06   4.7646077492e-02   7.7877253609e-06   4.7645962670e-02       4.456000       4.456000
   193   7.7848904072e-06   4.7622232001e-02   7.7848848297e-06   4.7622156030e-02       4.456000       4.456000
   194   8.6317586290e-06   5.4719883038e-02   8.6317705431e-06   5.4719949387e-02       4.487600       4.487600
   195   7.6018286924e-06   4.6087981292e-02   7.6018217887e-06   4.6087895130e-02       4.495700       4.495700
   196   7.5990566233e-06   4.6064748422e-02   7.5990037881e-06   4.6064277320e-02       4.495700       4.495700
   197   8.8706547219e-06   5.6722084865e-02   8.8706597572e-06   5.6722092356e-02       4.505500       4.505500
   198   8.0560962428e-06   4.9895223632e-02   8.0555084694e-06   4.9890266876e-02       4.537300       4.537300
   199   7.1189530182e-06   4.2040972630e-02   7.1188312453e-06   4.2039926182e-02       4.537300       4.537300
   200   7.2267017339e-06   4.2944020783e-02   7.2282581236e-06   4.2957038560e-02       4.537300       4.537300
   201   9.5927107939e-06   6.2773678131e-02   9.5927116334e-06   6.2773646810e-02       4.824600       4.824600
   202   9.5925707831e-06   6.2772504693e-02   9.5925702781e-06   6.2772462104e-02       4.824600       4.824600
   203   5.7955953800e-06   3.0949836522e-02   5.7957877902e-06   3.0951429944e-02       5.177700       5.177700
   204   5.7870777864e-06   3.0878450082e-02   5.7870331894e-06   3.0878057178e-02       5.177700       5.177700
   205   6.0572133534e-06   3.3142471731e-02   6.0572090474e-06   3.3142415142e-02       5.178000       5.178000
   206   6.0338262549e-06   3.2946463119e-02   6.0338250613e-06   3.2946432735e-02       5.203500       5.203500
   207   5.5102955508e-06   2.8558722324e-02   5.5103057005e-06   2.8558789653e-02       5.209900       5.209900
   208   5.5096316365e-06   2.8553158021e-02   5.5096293110e-06   2.8553120798e-02       5.209900       5.209900
   209   5.3756476399e-06   2.7430230477e-02   5.3756464467e-06   2.7430203420e-02       5.224700       5.224700
   210   6.1228938123e-06   3.3692943416e-02   6.1229386778e-06   3.3693298605e-02       5.229500       5.229500
   211   6.1252228860e-06   3.3712463516e-02   6.1252461081e-06   3.3712637299e-02       5.229500       5.229500
   212   6.6229904483e-06   3.7884281945e-02   6.6229895564e-06   3.7884251113e-02       5.237600       5.237600
   213   5.8951503736e-06   3.1784212621e-02   5.8951467603e-06   3.1784162658e-02       5.255600       5.255600
   214   5.8959100825e-06   3.1790579785e-02   5.8959086316e-06   3.1790547940e-02       5.255600       5.255600
   215   5.1502436474e-06   2.5541106715e-02   5.1502440087e-06   2.5541093825e-02       5.312000       5.312000
   216   5.1503751705e-06   2.5542209017e-02   5.1503741751e-06   2.5542184756e-02       5.312000       5.312000
   217   5.3005091498e-06   2.6800490491e-02   5.3005115631e-06   2.6800494039e-02       5.396900       5.396900
   218   5.2996831997e-06   2.6793568156e-02   5.2996881812e-06   2.6793593233e-02       5.396900       5.396900
   219   5.3907562956e-06   2.7556856985e-02   5.3907617142e-06   2.7556885265e-02       5.405800       5.405800
   220   5.4179998572e-06   2.7785186834e-02   5.4179998135e-06   2.7785169197e-02       5.420200       5.420200
   221   5.8185837473e-06   3.1142503344e-02   5.8185846015e-06   3.1142491209e-02       5.423500       5.423500
   222   5.3305841139e-06   2.7052550486e-02   5.3305860769e-06   2.7052550109e-02       5.459800       5.459800
   223   5.3305667459e-06   2.7052404924e-02   5.3305669740e-06   2.7052390007e-02       5.459800       5.459800
   224   6.0893473056e-06   3.3411788223e-02   6.0893459925e-06   3.3411756556e-02       5.477400       5.477400
   225   5.9948136559e-06   3.2619496294e-02   5.9948146883e-06   3.2619484763e-02       5.494500       5.494500
   226   5.9943630468e-06   3.2615719714e-02   5.9943633726e-06   3.2615702263e-02       5.494500       5.494500
   227   1.0319156250e-05   6.8862059076e-02   1.0319158351e-05   6.8862034657e-02       5.628100       5.628100
   228   6.5731172535e-06   3.7466291844e-02   6.5731173695e-06   3.7466269712e-02       5.685300       5.685300
   229   6.5734225730e-06   3.7468850745e-02   6.5734234530e-06   3.7468835013e-02       5.685300       5.685300
   230   5.4751312607e-06   2.8264008396e-02   5.4751309308e-06   2.8263988072e-02       5.785400       5.785400
   231   5.4748320242e-06   2.8261500478e-02   5.4748310472e-06   2.8261474733e-02       5.785400       5.785400
   232   5.7107076069e-06   3.0238387237e-02   5.7107073387e-06   3.0238366240e-02       5.804000       5.804000
   233   8.1205468369e-06   5.0435387750e-02   8.1205492610e-06   5.0435377145e-02       5.807700       5.807700
   234   5.5693932804e-06   2.9054023778e-02   5.5694004077e-06   2.9054065478e-02       5.816900       5.816900
   235   5.5696443812e-06   2.9056128268e-02   5.5696613253e-06   2.9056252242e-02       5.816900       5.816900
   236   6.4992099584e-06   3.6846870574e-02   6.4992107227e-06   3.6846854248e-02       5.861300       5.861300
   237   5.8448411523e-06   3.1362568158e-02   5.8448402454e-06   3.1362541131e-02       5.871900       5.871900
   238   5.8022631750e-06   3.1005719693e-02   5.8022625378e-06   3.1005695142e-02       5.874800       5.874800
   239   5.8013843719e-06   3.0998354394e-02   5.8013658167e-06   3.0998179675e-02       5.874800       5.874800
   240   7.6427920553e-06   4.6431297580e-02   7.6427904736e-06   4.6431255816e-02       5.879400       5.879400
   241   5.6857029684e-06   3.0028821931e-02   5.6856977868e-06   3.0028759881e-02       5.883700       5.883700
   242   5.6866827758e-06   3.0037033753e-02   5.6866640605e-06   3.0036858271e-02       5.883700       5.883700
   243   6.1033328182e-06   3.3529001605e-02   6.1033313520e-06   3.3528968585e-02       5.890500       5.890500
   244   5.5697994138e-06   2.9057427606e-02   5.5698003618e-06   2.9057417514e-02       5.925400       5.925400
   245   6.7143146736e-06   3.8649675504e-02   6.7143086650e-06   3.8649601328e-02       5.935000       5.935000
   246   6.7159296738e-06   3.8663210913e-02   6.7159340286e-06   3.8663223584e-02       5.935000       5.935000
   247   6.5323691112e-06   3.7124779332e-02   6.5323693151e-06   3.7124758142e-02       5.955000       5.955000
   248   5.3763108974e-06   2.7435789276e-02   5.3763129915e-06   2.7435789767e-02       5.967700       5.967700
   249   5.3758459130e-06   2.7431892215e-02   5.3758464144e-06   2.7431879360e-02       5.967700       5.967700
   250   6.3700423916e-06   3.5764309804e-02   6.3700433498e-06   3.5764295756e-02       6.000000       6.000000
   251   6.3698746743e-06   3.5762904156e-02   6.3698811685e-06   3.5762936506e-02       6.000000       6.000000
   252   7.3931151951e-06   4.4338741525e-02   7.3931188027e-06   4.4338744514e-02       6.052300       6.052300
   253   7.3924216228e-06   4.4332928656e-02   7.3924253979e-06   4.4332933052e-02       6.052300       6.052300
   254   6.9029034961e-06   4.0230249219e-02   6.9029034766e-06   4.0230224285e-02       6.374900       6.374900
   255   6.5241710522e-06   3.7056070930e-02   6.5241711238e-06   3.7056048673e-02       6.397100       6.397100
   256   6.5237660522e-06   3.7052676602e-02   6.5237659855e-06   3.7052653187e-02       6.397100       6.397100
   257   5.7621743944e-06   3.0669733329e-02   5.7621752616e-06   3.0669721588e-02       6.833700       6.833700
   258   5.7626487223e-06   3.0673708698e-02   5.7626501534e-06   3.0673701681e-02       6.833800       6.833800
   259   4.8185130322e-06   2.2760853443e-02   4.8185129187e-06   2.2760838249e-02       6.891600       6.891600
   260   5.3147161922e-06   2.6919560526e-02   5.3147168002e-06   2.6919548873e-02       6.910200       6.910200
   261   5.3912144214e-06   2.7560696564e-02   5.3912142531e-06   2.7560678017e-02       6.948000       6.948000
   262   5.3906754018e-06   2.7556179010e-02   5.3906750077e-06   2.7556158574e-02       6.948000       6.948000
   263   5.7346705600e-06   3.0439222118e-02   5.7346703489e-06   3.0439201480e-02       7.141700       7.141700
   264   7.3924565870e-06   4.4333221693e-02   7.3924600088e-06   4.4333223128e-02       7.342200       7.342200
   265   7.3922247213e-06   4.4331278414e-02   7.3922276333e-06   4.4331275577e-02       7.342300       7.342300
   266   5.9590562447e-06   3.2319811385e-02   5.9590572919e-06   3.2319800158e-02       7.413500       7.413500
   267   5.9584117265e-06   3.2314409640e-02   5.9584124793e-06   3.2314395949e-02       7.413600       7.413600
   268   6.1692833775e-06   3.4081737017e-02   6.1692848472e-06   3.4081728269e-02       7.418300       7.418300
   269   6.5930010835e-06   3.7632939362e-02   6.5930003762e-06   3.7632910229e-02       7.431100       7.431100
   270   5.9215249661e-06   3.2005259591e-02   5.9215221283e-06   3.2005215993e-02       7.444000       7.444000
   271   5.9229795724e-06   3.2017450729e-02   5.9229792126e-06   3.2017427892e-02       7.444100       7.444100
   272   5.6174174098e-06   2.9456516756e-02   5.6174165316e-06   2.9456491118e-02       7.521000       7.521000
   273   5.7733094060e-06   3.0763056499e-02   5.7733102475e-06   3.0763044486e-02       7.551900       7.551900
   274   5.7731480691e-06   3.0761704325e-02   5.7731468119e-06   3.0761674724e-02       7.552000       7.552000
   275   7.6574160726e-06   4.6553862307e-02   7.6574140237e-06   4.6553816553e-02       7.681000       7.681000
   276   7.6581991789e-06   4.6560425565e-02   7.6581972416e-06   4.6560380743e-02       7.681000       7.681000
   277   5.3920875343e-06   2.7568014172e-02   5.3920870084e-06   2.7567992625e-02       7.812900       7.812900
   278   5.7604000598e-06   3.0654862529e-02   5.7603997705e-06   3.0654841105e-02       7.826700       7.826700
   279   6.3089395897e-06   3.5252203724e-02   6.3089412596e-06   3.5252195949e-02       7.833300       7.833300
   280   6.3070555712e-06   3.5236413658e-02   6.3070547699e-06   3.5236385180e-02       7.833300       7.833300
   281   6.0187590548e-06   3.2820184053e-02   6.0187534824e-06   3.2820117045e-02       7.864000       7.864000
   282   6.0191553457e-06   3.2823505389e-02   6.0191575742e-06   3.2823503760e-02       7.864000       7.864000
   283   7.9210355796e-06   4.8763272483e-02   7.9210396739e-06   4.8763276884e-02       7.877400       7.877400
   284   5.8537613349e-06   3.1437328719e-02   5.8537622416e-06   3.1437316847e-02       7.892800       7.892800
   285   7.2155899677e-06   4.2850892434e-02   7.2155812744e-06   4.2850793225e-02       7.918000       7.918000
   286   7.2139868087e-06   4.2837456266e-02   7.2139845688e-06   4.2837411152e-02       7.918000       7.918000
   287   8.1049504179e-06   5.0304673269e-02   8.1049428964e-06   5.0304579388e-02       7.928600       7.928600
   288   1.0558502506e-05   7.0868033751e-02   1.0558494508e-05   7.0867923480e-02       7.962700       7.962700
   289   9.2402805367e-06   5.9819939974e-02   9.2402939393e-06   5.9820015725e-02       7.979800       7.979800
   290   9.2438874364e-06   5.9850169608e-02   9.2438847781e-06   5.9850110732e-02       7.979900       7.979900
   291   1.0198466167e-05   6.7850548587e-02   1.0198457899e-05   6.7850437875e-02       7.999600       7.999600
   292   1.0209375725e-05   6.7941982214e-02   1.0209390915e-05   6.7942068050e-02       7.999600       7.999600
   293   8.3109167089e-06   5.2030888543e-02   8.3109347021e-06   5.2031007461e-02       8.003000       8.003000
   294   1.0011560214e-05   6.6284079097e-02   1.0011635404e-05   6.6284668796e-02       8.019600       8.019600
   295   1.0001030269e-05   6.6195827019e-02   1.0001044982e-05   6.6195909913e-02       8.019600       8.019600
   296   1.4508324538e-05   1.0397171826e-01   1.4508326848e-05   1.0397167443e-01       8.020600       8.020600
   297   9.1555903919e-06   5.9110147024e-02   9.1555940278e-06   5.9110141347e-02       8.032200       8.032200
   298   7.6089656354e-06   4.6147796419e-02   7.6089630180e-06   4.6147746145e-02       8.050100       8.050100
   299   7.6083409408e-06   4.6142560818e-02   7.6083315839e-06   4.6142454063e-02       8.050100       8.050100
   300   1.0121063945e-05   6.7201836133e-02   1.0121058732e-05   6.7201751416e-02       8.055300       8.055300
   301   1.0126042529e-05   6.7243561925e-02   1.0126034834e-05   6.7243456381e-02       8.055400       8.055400
   302   9.1269564162e-06   5.8870164035e-02   9.1269549315e-06   5.8870115587e-02       8.108400       8.108400
   303   7.7726266031e-06   4.7519448357e-02   7.7726303079e-06   4.7519450243e-02       8.109500       8.109500
   304   7.7805515006e-06   4.7585867376e-02   7.7805473757e-06   4.7585803601e-02       8.109500       8.109500
   305   8.6791314861e-06   5.5116917664e-02   8.6791674807e-06   5.5117185594e-02       8.130500       8.130500
   306   8.6585680636e-06   5.4944574444e-02   8.6586031143e-06   5.4944834566e-02       8.130600       8.130600
   307   7.3296397313e-06   4.3806750030e-02   7.3296401769e-06   4.3806726839e-02       8.136700       8.136700
   308   9.0061360198e-06   5.7857561378e-02   9.0061332094e-06   5.7857502429e-02       8.174500       8.174500
   309   8.1821656249e-06   5.0951818338e-02   8.1821503205e-06   5.0951658839e-02       8.178500       8.178500
   310   8.1833178501e-06   5.0961475204e-02   8.1833061872e-06   5.0961346218e-02       8.178500       8.178500
   311   8.7507375376e-06   5.5717052080e-02   8.7507238673e-06   5.5716903405e-02       8.202800       8.202800
   312   8.1651588152e-06   5.0809283293e-02   8.1651622769e-06   5.0809281159e-02       8.222100       8.222100
   313   8.1632719786e-06   5.0793469607e-02   8.1632688666e-06   5.0793412389e-02       8.222100       8.222100
   314   7.5112552817e-06   4.5328880353e-02   7.5112325049e-06   4.5328661615e-02       8.234000       8.234000
   315   8.9766273433e-06   5.7610247471e-02   8.9767558097e-06   5.7611288909e-02       8.243300       8.243300
   316   8.9781834835e-06   5.7623289571e-02   8.9782003871e-06   5.7623395987e-02       8.243300       8.243300
   317   7.8924061380e-06   4.8523327494e-02   7.8924035025e-06   4.8523275637e-02       8.247000       8.247000
   318   6.5919332518e-06   3.7623989804e-02   6.5919653919e-06   3.7624235971e-02       8.250600       8.250600
   319   6.5893034560e-06   3.7601949334e-02   6.5893231932e-06   3.7602091566e-02       8.250600       8.250600
   320   7.3355856219e-06   4.3856582879e-02   7.3355542366e-06   4.3856292881e-02       8.267100       8.267100
   321   7.5327985529e-06   4.5509435742e-02   7.5265511646e-06   4.5457048102e-02       8.267100       8.267100
   322   7.5273111465e-06   4.5463445474e-02   7.5299831083e-06   4.5485811401e-02       8.267100       8.267100
   323   6.7843047099e-06   3.9236266004e-02   6.7843075031e-06   3.9236265242e-02       8.292900       8.292900
   324   6.8569834436e-06   3.9845390630e-02   6.8569773624e-06   3.9845315125e-02       8.316200       8.316200
   325   6.8562864713e-06   3.9839549266e-02   6.8563058264e-06   3.9839686947e-02       8.316200       8.316200
   326   5.8098197088e-06   3.1069051436e-02   5.8098220252e-06   3.1069051600e-02       8.326400       8.326400
   327   6.7141815796e-06   3.8648560036e-02   6.7142657201e-06   3.8649241404e-02       8.333700       8.333700
   328   6.7174903287e-06   3.8676290851e-02   6.7175735996e-06   3.8676964914e-02       8.333800       8.333800
   329   6.1923366899e-06   3.4274948147e-02   6.1923443332e-06   3.4274991025e-02       8.337300       8.337300
   330   6.1929266680e-06   3.4279892787e-02   6.1929333910e-06   3.4279927949e-02       8.337300       8.337300
   331   6.5165169226e-06   3.6991921232e-02   6.5165178803e-06   3.6991906439e-02       8.349900       8.349900
   332   1.0497089778e-05   7.0353330159e-02   1.0497077284e-05   7.0353182521e-02       8.351800       8.351800
   333   6.3047901207e-06   3.5217426787e-02   6.3047911185e-06   3.5217413400e-02       8.374300       8.374300
   334   6.3043014856e-06   3.5213331508e-02   6.3043077331e-06   3.5213362122e-02       8.374300       8.374300
   335   7.6004734907e-06   4.6076623269e-02   7.6004798501e-06   4.6076648273e-02       8.384100       8.384100
   336   7.5970885544e-06   4.6048253924e-02   7.5971192657e-06   4.6048483040e-02       8.384100       8.384100
   337   7.4947380253e-06   4.5190448282e-02   7.4947351859e-06   4.5190396724e-02       8.386600       8.386600
   338   6.7629450659e-06   3.9057249605e-02   6.7630511711e-06   3.9058114814e-02       8.414500       8.414500
   339   6.8661430420e-06   3.9922157749e-02   6.8661588819e-06   3.9922265919e-02       8.414500       8.414500
   340   6.8300834897e-06   3.9619940578e-02   6.8300817814e-06   3.9619901857e-02       8.414700       8.414700
   341   7.0654700800e-06   4.1592729063e-02   7.0654638901e-06   4.1592651593e-02       8.470900       8.470900
   342   7.0669450654e-06   4.1605091000e-02   7.0669408032e-06   4.1605029679e-02       8.470900       8.470900
   343   7.8822284476e-06   4.8438027689e-02   7.8822131219e-06   4.8437869525e-02       8.506400       8.506400
   344   7.8822440075e-06   4.8438158097e-02   7.8822350854e-06   4.8438053603e-02       8.506500       8.506500
   345   1.4451718881e-05   1.0349730301e-01   1.4451716516e-05   1.0349722029e-01       8.511600       8.511600
   346   7.0148352057e-06   4.1168355284e-02   7.0148343089e-06   4.1168322431e-02       8.537100       8.537100
   347   7.3574499958e-06   4.4039829449e-02   7.3574518936e-06   4.4039818288e-02       8.559600       8.559600
   348   7.3573975421e-06   4.4039389832e-02   7.3573971138e-06   4.4039359175e-02       8.559600       8.559600
   349   6.9302220559e-06   4.0459207633e-02   6.9302214767e-06   4.0459177869e-02       8.588000       8.588000
   350   6.2246218563e-06   3.4545531975e-02   6.2246205414e-06   3.4545499610e-02       8.600700       8.600700
   351   6.2209824327e-06   3.4515029757e-02   6.2209822405e-06   3.4515006820e-02       8.600700       8.600700
   352   9.0200574027e-06   5.7974237285e-02   9.0200575012e-06   5.7974202645e-02       8.607700       8.607700
   353   6.8666886045e-06   3.9926730140e-02   6.8666879708e-06   3.9926700241e-02       8.620700       8.620700
   354   7.5422868727e-06   4.5588957893e-02   7.5422911326e-06   4.5588965595e-02       8.766200       8.766200
   355   7.5421279915e-06   4.5587626300e-02   7.5421278950e-06   4.5587597492e-02       8.766200       8.766200
   356   7.5201101577e-06   4.5403093576e-02   7.5201105792e-06   4.5403069219e-02       8.875100       8.875100
   357   7.5197256989e-06   4.5399871404e-02   7.5197275832e-06   4.5399859310e-02       8.875200       8.875200
   358   7.5208768267e-06   4.5409519072e-02   7.5208769225e-06   4.5409491983e-02       8.898600       8.898600
   359   6.7576280546e-06   3.9012687429e-02   6.7576317145e-06   3.9012694066e-02       9.037000       9.037000
   360   6.7572316327e-06   3.9009364995e-02   6.7572343463e-06   3.9009363702e-02       9.037000       9.037000
   361   6.9192609410e-06   4.0367341901e-02   6.9192611947e-06   4.0367319173e-02       9.080600       9.080600
   362   7.3141388165e-06   4.3676835976e-02   7.3141384336e-06   4.3676805919e-02       9.092100       9.092100
   363   7.6343238370e-06   4.6360324959e-02   7.6343222631e-06   4.6360283302e-02       9.111100       9.111100
   364   7.6351940874e-06   4.6367618577e-02   7.6351926788e-06   4.6367578302e-02       9.111100       9.111100
   365   8.4513341899e-06   5.3207735488e-02   8.4513347107e-06   5.3207707260e-02       9.193600       9.193600
   366   7.8993544368e-06   4.8581561584e-02   7.8993528888e-06   4.8581518806e-02       9.200800       9.200800
   367   7.8982841827e-06   4.8572591723e-02   7.8982832192e-06   4.8572553850e-02       9.200900       9.200900
   368   8.0250350565e-06   4.9634898052e-02   8.0250345370e-06   4.9634863258e-02       9.218500       9.218500
   369   8.3776259939e-06   5.2589982878e-02   8.3776314134e-06   5.2589996079e-02       9.261200       9.261200
   370   8.3771949219e-06   5.2586370039e-02   8.3771998710e-06   5.2586379300e-02       9.261200       9.261200
   371   1.0309673518e-05   6.8782583755e-02   1.0309672037e-05   6.8782529366e-02       9.294500       9.294500
   372   1.0311603539e-05   6.8798759369e-02   1.0311599763e-05   6.8798685736e-02       9.294500       9.294500
   373   1.0080227575e-05   6.6859584178e-02   1.0080224357e-05   6.6859516389e-02       9.308000       9.308000
   374   9.2285147664e-06   5.9721330380e-02   9.2285167103e-06   5.9721310154e-02       9.341300       9.341300
   375   9.2318441907e-06   5.9749234476e-02   9.2318545779e-06   5.9749284997e-02       9.341300       9.341300
   376   1.1572106475e-05   7.9363106627e-02   1.1572108596e-05   7.9363076041e-02       9.403200       9.403200
   377   1.7751269337e-05   1.3115102423e-01   1.7751337202e-05   1.3115151345e-01       9.517700       9.517700
   378   1.7742881364e-05   1.3108072415e-01   1.7742905248e-05   1.3108084479e-01       9.517800       9.517800
   379   1.0898844144e-05   7.3720456491e-02   1.0898841164e-05   7.3720386566e-02       9.547400       9.547400
   380   1.2336237150e-05   8.5767329543e-02   1.2336244096e-05   8.5767335544e-02      10.116600      10.116600
   381   8.5698920323e-06   5.4201375550e-02   8.5698954675e-06   5.4201371150e-02      10.271100      10.271100
   382   8.5691729803e-06   5.4195349134e-02   8.5691721379e-06   5.4195308886e-02      10.271200      10.271200
   383   8.0767765384e-06   5.0068546372e-02   8.0767657413e-06   5.0068425181e-02      10.487400      10.487400
   384   8.0745242696e-06   5.0049669979e-02   8.0745337106e-06   5.0049718415e-02      10.487500      10.487500
   385   6.5412502376e-06   3.7199212561e-02   6.5412479627e-06   3.7199170551e-02      10.529100      10.529100
   386   7.6384088274e-06   4.6394561497e-02   7.6384193321e-06   4.6394621051e-02      10.530100      10.530100
   387   7.6365441344e-06   4.6378933398e-02   7.6365466997e-06   4.6378926422e-02      10.530200      10.530200
   388   6.5693853995e-06   3.7435014962e-02   6.5693846142e-06   3.7434985295e-02      10.565600      10.565600
   389   6.4767146012e-06   3.6658335699e-02   6.4767178881e-06   3.6658340628e-02      10.603100      10.603100
   390   6.4757954342e-06   3.6650632107e-02   6.4758024958e-06   3.6650668677e-02      10.603100      10.603100
   391   5.2979717290e-06   2.6779224222e-02   5.2979684482e-06   2.6779180061e-02      10.628000      10.628000
   392   7.5061087043e-06   4.5285746593e-02   7.5061316218e-06   4.5285910848e-02      10.632100      10.632100
   393   7.5020993922e-06   4.5252144319e-02   7.5020962625e-06   4.5252090291e-02      10.632200      10.632200
   394   6.9636853656e-06   4.0739665546e-02   6.9636772947e-06   4.0739572826e-02      10.642700      10.642700
   395   8.3909028959e-06   5.2701257353e-02   8.3909039766e-06   5.2701234124e-02      10.674500      10.674500
   396   7.2242544550e-06   4.2923509998e-02   7.2242614134e-06   4.2923541922e-02      10.730700      10.730700
   397   7.2242318457e-06   4.2923320508e-02   7.2242272588e-06   4.2923255671e-02      10.730800      10.730800
   398   8.0650237838e-06   4.9970045863e-02   8.0650268834e-06   4.9970041200e-02      10.790200      10.790200
   399   8.0624944267e-06   4.9948847177e-02   8.0624891961e-06   4.9948772711e-02      10.790200      10.790200
   400   8.5757962678e-06   5.4250859286e-02   8.5757969161e-06   5.4250831498e-02      10.794700      10.794700
   401   7.1991618157e-06   4.2713207152e-02   7.1991618037e-06   4.2713180784e-02      10.820600      10.820600
   402   7.2013963398e-06   4.2731934827e-02   7.2013942373e-06   4.2731890927e-02      10.820700      10.820700
   403   7.3596154321e-06   4.4057978094e-02   7.3596157115e-06   4.4057953358e-02      10.840400      10.840400
   404   9.0713990247e-06   5.8404534357e-02   9.0714154794e-06   5.8404636540e-02      10.864100      10.864100
   405   9.0624070735e-06   5.8329172299e-02   9.0624103187e-06   5.8329163818e-02      10.864100      10.864100
   406   7.7157782464e-06   4.7042999025e-02   7.7157818196e-06   4.7043000096e-02      10.878100      10.878100
   407   7.7200388261e-06   4.7078707188e-02   7.7200413263e-06   4.7078699244e-02      10.878200      10.878200
   408   8.8064729462e-06   5.6184173730e-02   8.8064688021e-06   5.6184104612e-02      10.914700      10.914700
   409   8.8045726982e-06   5.6168247643e-02   8.8045585496e-06   5.6168094686e-02      10.914700      10.914700
   410   1.0085488677e-05   6.6903677770e-02   1.0085489148e-05   6.6903640878e-02      10.923100      10.923100
   411   8.5077223906e-06   5.3680328225e-02   8.5077223365e-06   5.3680294894e-02      10.974500      10.974500
   412   1.1799746463e-05   8.1270970389e-02   1.1799749159e-05   8.1270943485e-02      10.994500      10.994500
   413   1.1799940534e-05   8.1272596917e-02   1.1799931828e-05   8.1272474441e-02      10.994600      10.994600
   414   8.2274496259e-06   5.1331346142e-02   8.2274457088e-06   5.1331281852e-02      11.496100      11.496100
   415   8.2259896210e-06   5.1319109758e-02   8.2259884992e-06   5.1319068902e-02      11.496200      11.496200
   416   1.2900639821e-05   9.0497620638e-02   1.2900646580e-05   9.0497622216e-02      11.533700      11.533700
   417   7.4662016058e-06   4.4951282916e-02   7.4662016260e-06   4.4951255469e-02      11.698900      11.698900
   418   7.7099892111e-06   4.6994480790e-02   7.7099880238e-06   4.6994441991e-02      11.741300      11.741300
   419   7.7096413128e-06   4.6991565034e-02   7.7096394603e-06   4.6991520662e-02      11.741400      11.741400
   420   7.6533394122e-06   4.6519695583e-02   7.6533393054e-06   4.6519666126e-02      11.775400      11.775400
   421   8.8635726389e-06   5.6662729523e-02   8.8635736821e-06   5.6662703591e-02      11.825900      11.825900
   422   8.8635240495e-06   5.6662322292e-02   8.8635219476e-06   5.6662270002e-02      11.826000      11.826000
   423   9.4823576134e-06   6.1848801810e-02   9.4823550558e-06   6.1848742574e-02      11.905700      11.905700
   424   1.1711276078e-05   8.0529495034e-02   1.1711276902e-05   8.0529452883e-02      12.020500      12.020500
   425   1.1712518163e-05   8.0539905015e-02   1.1712517427e-05   8.0539849787e-02      12.020500      12.020500
   426   1.2141945242e-04   1.0000000000e+00   1.2141952439e-04   1.0000000000e+00      12.520600      12.520600
   427   5.8532107562e-06   3.1432714288e-02   5.8532117524e-06   3.1432703168e-02      13.041300      13.041300
   428   5.8516430123e-06   3.1419574936e-02   5.8516432141e-06   3.1419557167e-02      13.041400      13.041400
   429   6.4901745793e-06   3.6771144545e-02   6.4901715175e-06   3.6771096197e-02      13.113500      13.113500
   430   6.8698948406e-05   5.5814643846e-01   6.8698915725e-05   5.5814582766e-01      15.030300      15.030300
   431   1.0750208285e-04   8.8335772914e-01   1.0750219661e-04   8.8335814963e-01      16.722300      16.722300
   432   1.0750029786e-04   8.8334276905e-01   1.0750055847e-04   8.8334442028e-01      16.722300      16.722300
   433   4.2031426562e-06   1.7603399101e-02   4.2031425917e-06   1.7603387426e-02      17.215700      17.215700
   434   4.2030472037e-06   1.7602599108e-02   4.2030470202e-06   1.7602586437e-02      17.215700      17.215700
   435   4.4137964567e-06   1.9368900660e-02   4.4137963491e-06   1.9368887560e-02      17.248900      17.248900
   436   4.5726357858e-06   2.0700142167e-02   4.5726361267e-06   2.0700132025e-02      17.283100      17.283100
   437   4.5724798670e-06   2.0698835403e-02   4.5724798858e-06   2.0698822561e-02      17.283100      17.283100
   438   4.6006975466e-06   2.0935329391e-02   4.6006973911e-06   2.0935314946e-02      17.290900      17.290900
   439   4.7344571223e-06   2.2056376050e-02   4.7344572949e-06   2.2056363680e-02      17.834400      17.834400
   440   3.9383494584e-06   1.5384152155e-02   3.9383510225e-06   1.5384155467e-02      17.899400      17.899400
   441   3.9384939577e-06   1.5385363211e-02   3.9384932132e-06   1.5385347175e-02      17.899400      17.899400
   442   4.1765394336e-06   1.7380435969e-02   4.1765437065e-06   1.7380460781e-02      17.912200      17.912200
   443   4.1764685273e-06   1.7379841700e-02   4.1764677894e-06   1.7379824516e-02      17.912200      17.912200
   444   4.6410665379e-06   2.1273664218e-02   4.6410670294e-06   2.1273654991e-02      17.993800      17.993800
   445   4.3211315610e-06   1.8592270865e-02   4.3211309083e-06   1.8592253664e-02      18.043200      18.043200
   446   4.3207720206e-06   1.8589257536e-02   4.3207714665e-06   1.8589241164e-02      18.043200      18.043200
   447   4.6078422657e-06   2.0995209691e-02   4.6078424313e-06   2.0995197901e-02      18.111200      18.111200
   448   4.4934349597e-06   2.0036355511e-02   4.4934352636e-06   2.0036345458e-02      18.154900      18.154900
   449   4.4934376443e-06   2.0036378011e-02   4.4934378024e-06   2.0036366736e-02      18.154900      18.154900
   450   4.5800227075e-06   2.0762052381e-02   4.5800228252e-06   2.0762040330e-02      18.207900      18.207900
   451   5.1657589663e-06   2.5671141491e-02   5.1657578534e-06   2.5671116167e-02      18.847700      18.847700
   452   5.1692402250e-06   2.5700318119e-02   5.1692322806e-06   2.5700235522e-02      18.847800      18.847800
   453   4.8161334272e-06   2.2740909836e-02   4.8161333637e-06   2.2740895074e-02      18.855800      18.855800
   454   5.6332321808e-06   2.9589061256e-02   5.6332328798e-06   2.9589048758e-02      19.350900      19.350900
   455   5.1011689544e-06   2.5129808904e-02   5.1011644467e-06   2.5129755455e-02      19.397100      19.397100
   456   5.0999270785e-06   2.5119400671e-02   5.0999295533e-06   2.5119405749e-02      19.397100      19.397100
   457   5.3066415824e-06   2.6851886759e-02   5.3066414885e-06   2.6851869264e-02      19.406300      19.406300
   458   5.2277492350e-06   2.6190685480e-02   5.2277393440e-06   2.6190586274e-02      19.430500      19.430500
   459   5.2279105122e-06   2.6192037154e-02   5.2279061980e-06   2.6191984686e-02      19.430500      19.430500
   460   5.5934801344e-06   2.9255897081e-02   5.5934815473e-06   2.9255890766e-02      19.444200      19.444200
   461   5.5914327801e-06   2.9238738087e-02   5.5914370072e-06   2.9238755368e-02      19.444200      19.444200
   462   5.3083091414e-06   2.6865862666e-02   5.3083095760e-06   2.6865849593e-02      19.461100      19.461100
   463   5.3771924106e-06   2.7443177288e-02   5.3771906168e-06   2.7443145191e-02      19.467400      19.467400
   464   5.3791428924e-06   2.7459524388e-02   5.3791386080e-06   2.7459471406e-02      19.467400      19.467400
   465   5.6414283202e-06   2.9657753570e-02   5.6414276544e-06   2.9657729591e-02      19.487100      19.487100
   466   8.8223818982e-06   5.6317507567e-02   8.8223846237e-06   5.6317495943e-02      19.956900      19.956900
   467   6.4130809969e-06   3.6125018818e-02   6.4130698261e-06   3.6124902899e-02      20.101400      20.101400
   468   6.4110756298e-06   3.6108211723e-02   6.4110954777e-06   3.6108355782e-02      20.101400      20.101400
   469   6.1752978245e-06   3.4132144441e-02   6.1752968132e-06   3.4132114870e-02      20.118100      20.118100
   470   5.9997050982e-06   3.2660491752e-02   5.9996934759e-06   3.2660374136e-02      20.122000      20.122000
   471   6.0001118557e-06   3.2663900811e-02   6.0001030483e-06   3.2663806784e-02      20.122100      20.122100
   472   6.4507692906e-06   3.6440886565e-02   6.4507695137e-06   3.6440865948e-02      20.137800      20.137800
   473   5.4088244461e-06   2.7708287188e-02   5.4088576499e-06   2.7708548247e-02      20.145400      20.145400
   474   5.4013430361e-06   2.7645585063e-02   5.4013330694e-06   2.7645484345e-02      20.145500      20.145500
   475   5.2324856214e-06   2.6230381406e-02   5.2324809932e-06   2.6230326283e-02      20.159800      20.159800
   476   5.2331879503e-06   2.6236267664e-02   5.2331975595e-06   2.6236331863e-02      20.159800      20.159800
   477   5.7049520703e-06   3.0190149755e-02   5.7049559626e-06   3.0190163657e-02      20.196100      20.196100
   478   5.7042160589e-06   3.0183981202e-02   5.7042205217e-06   3.0183999888e-02      20.196100      20.196100
   479   6.2347598125e-06   3.4630498766e-02   6.2347622818e-06   3.4630498066e-02      20.208600      20.208600
   480   5.4438593888e-06   2.8001917048e-02   5.4438560077e-06   2.8001871310e-02      20.228300      20.228300
   481   5.2963600357e-06   2.6765716528e-02   5.2963550767e-06   2.6765658310e-02      20.253700      20.253700
   482   5.2969851530e-06   2.6770955672e-02   5.2969884394e-06   2.6770966556e-02      20.253700      20.253700
   483   4.2010055445e-06   1.7585487845e-02   4.2010000516e-06   1.7585430686e-02      20.259400      20.259400
   484   4.8479332792e-06   2.3007426216e-02   4.8479402332e-06   2.3007470107e-02      20.277400      20.277400
   485   4.8440656813e-06   2.2975011657e-02   4.8440804287e-06   2.2975120884e-02      20.277400      20.277400
   486   6.7235760574e-06   3.8727295692e-02   6.7235823870e-06   3.8727324876e-02      20.287800      20.287800
   487   5.5799027600e-06   2.9142104329e-02   5.5799021886e-06   2.9142081452e-02      20.319600      20.319600
   488   5.2169528238e-06   2.6100200141e-02   5.2169535720e-06   2.6100190156e-02      20.331900      20.331900
   489   5.2166094585e-06   2.6097322376e-02   5.2166123303e-06   2.6097330192e-02      20.331900      20.331900
   490   8.7611464431e-06   5.5804289713e-02   8.7611400606e-06   5.5804202064e-02      20.570500      20.570500
   491   7.5734219309e-06   4.5849902598e-02   7.5734181652e-06   4.5849842880e-02      20.586400      20.586400
   492   7.5756379740e-06   4.5868475382e-02   7.5756338595e-06   4.5868412729e-02      20.586400      20.586400
   493   8.6430925502e-06   5.4814873280e-02   8.6430948437e-06   5.4814858942e-02      20.592600      20.592600
   494   7.6273328109e-06   4.6301732768e-02   7.6273237790e-06   4.6301628642e-02      20.595300      20.595300
   495   7.6211559975e-06   4.6249964542e-02   7.6211611242e-06   4.6249979111e-02      20.595400      20.595400
   496   7.4688581391e-06   4.4973547474e-02   7.4688597909e-06   4.4973533689e-02      20.601600      20.601600
   497   8.1868012050e-06   5.0990669401e-02   8.1868010835e-06   5.0990637126e-02      20.620100      20.620100
   498   7.2374314439e-06   4.3033947096e-02   7.2374220636e-06   4.3033842019e-02      20.627700      20.627700
   499   7.2316871661e-06   4.2985803975e-02   7.2316827685e-06   4.2985740687e-02      20.627700      20.627700
   500   8.0183129533e-06   4.9578559719e-02   8.0183200178e-06   4.9578588523e-02      20.644100      20.644100
   501   6.8663013824e-06   3.9923484809e-02   6.8663017744e-06   3.9923463509e-02      20.656700      20.656700
   502   6.8677155134e-06   3.9935336722e-02   6.8677162421e-06   3.9935318236e-02      20.656700      20.656700
   503   6.0709598388e-06   3.3257681811e-02   6.0709573538e-06   3.3257640416e-02      20.708600      20.708600
   504   6.0711693819e-06   3.3259438004e-02   6.0711658936e-06   3.3259388199e-02      20.708700      20.708700
   505   5.4543826605e-06   2.8090113191e-02   5.4543835229e-06   2.8090102964e-02      20.746200      20.746200
   506   5.4541186211e-06   2.8087900262e-02   5.4541144560e-06   2.8087847901e-02      20.746200      20.746200
   507   6.1294677389e-06   3.3748039871e-02   6.1294699455e-06   3.3748037500e-02      20.753700      20.753700
   508   5.8241547939e-06   3.1189194604e-02   5.8241470730e-06   3.1189110573e-02      20.791100      20.791100
   509   5.8248607359e-06   3.1195111145e-02   5.8248453791e-06   3.1194963113e-02      20.791100      20.791100
   510   5.4270221383e-06   2.7860803088e-02   5.4270212534e-06   2.7860778356e-02      20.803700      20.803700
   511   4.9258990212e-06   2.3660861562e-02   4.9258917751e-06   2.3660786047e-02      20.814100      20.814100
   512   4.9253178346e-06   2.3655990605e-02   4.9253184739e-06   2.3655981180e-02      20.814100      20.814100
   513   7.0396028195e-06   4.1375934073e-02   7.0395993158e-06   4.1375879247e-02      20.819100      20.819100
   514   5.9656902411e-06   3.2375411288e-02   5.9656962632e-06   3.2375441723e-02      20.834800      20.834800
   515   5.9653570361e-06   3.2372618678e-02   5.9653595390e-06   3.2372619619e-02      20.834800      20.834800
   516   6.2303084928e-06   3.4593192001e-02   6.2303130793e-06   3.4593209067e-02      20.845000      20.845000
   517   5.6987260135e-06   3.0137968817e-02   5.6987276224e-06   3.0137963613e-02      20.849200      20.849200
   518   4.7364043908e-06   2.2072696219e-02   4.7364270202e-06   2.2072872050e-02      20.854200      20.854200
   519   4.7360103636e-06   2.2069393855e-02   4.7360543740e-06   2.2069748883e-02      20.854200      20.854200
   520   4.6396955881e-06   2.1262174209e-02   4.6396996067e-06   2.1262194550e-02      20.874500      20.874500
   521   4.6385317606e-06   2.1252420104e-02   4.6385277256e-06   2.1252372953e-02      20.874500      20.874500
   522   5.9373021930e-06   3.2137489432e-02   5.9373031229e-06   3.2137477332e-02      20.878600      20.878600
   523   5.9364428421e-06   3.2130287164e-02   5.9364398478e-06   3.2130242179e-02      20.878600      20.878600
   524   3.9920484200e-06   1.5834206226e-02   3.9920490586e-06   1.5834201509e-02      20.902800      20.902800
   525   6.3599652767e-06   3.5679852928e-02   6.3599653075e-06   3.5679831157e-02      20.928500      20.928500
   526   5.5455291066e-06   2.8854016772e-02   5.5455281463e-06   2.8853990810e-02      20.959900      20.959900
   527   6.1736887834e-06   3.4118658976e-02   6.1736850446e-06   3.4118606553e-02      20.973300      20.973300
   528   6.1724476361e-06   3.4108256849e-02   6.1724471721e-06   3.4108231879e-02      20.973300      20.973300
   529   6.1390105672e-06   3.3828018861e-02   6.1390104413e-06   3.3827996893e-02      21.038800      21.038800
   530   6.1391541525e-06   3.3829222258e-02   6.1391509023e-06   3.3829174104e-02      21.038900      21.038900
   531   6.1477766956e-06   3.3901488284e-02   6.1477812564e-06   3.3901505552e-02      21.048100      21.048100
   532   7.1888416402e-06   4.2626713170e-02   7.1888381185e-06   4.2626657440e-02      21.156300      21.156300
   533   5.3412688752e-06   2.7142100082e-02   5.3412607877e-06   2.7142015418e-02      21.235100      21.235100
   534   5.3384109431e-06   2.7118147589e-02   5.3384077298e-06   2.7118103790e-02      21.235200      21.235200
   535   5.8683738879e-06   3.1559797362e-02   5.8683778051e-06   3.1559810647e-02      21.245700      21.245700
   536   5.7081912293e-06   3.0217297332e-02   5.7081924221e-06   3.0217288593e-02      21.277700      21.277700
   537   5.7025658166e-06   3.0170150427e-02   5.7025375870e-06   3.0169895125e-02      21.277700      21.277700
   538   5.2883538602e-06   2.6698616313e-02   5.2883489935e-06   2.6698558909e-02      21.281100      21.281100
   539   5.2915567223e-06   2.6725459684e-02   5.2915558377e-06   2.6725435638e-02      21.281100      21.281100
   540   5.7757313514e-06   3.0783354961e-02   5.7757344355e-06   3.0783361732e-02      21.285700      21.285700
   541   6.2432195305e-06   3.4701400146e-02   6.2432244505e-06   3.4701419942e-02      21.311000      21.311000
   542   6.2434789517e-06   3.4703574371e-02   6.2434858611e-06   3.4703610839e-02      21.311000      21.311000
   543   6.1656790417e-06   3.4051528872e-02   6.1656737146e-06   3.4051463179e-02      21.326300      21.326300
   544   5.3560357333e-06   2.7265861965e-02   5.3560371650e-06   2.7265857007e-02      21.329100      21.329100
   545   5.3575914810e-06   2.7278900776e-02   5.3575911416e-06   2.7278880966e-02      21.329200      21.329200
   546   6.3254184946e-06   3.5390314369e-02   6.3481750555e-06   3.5581016440e-02      21.340900      21.340900
   547   6.4140361918e-06   3.6133024361e-02   6.4266359101e-06   3.6238600957e-02      21.340900      21.340900
   548   5.6511352647e-06   2.9739108027e-02   5.6511629141e-06   2.9739321311e-02      21.341500      21.341500
   549   7.6821719469e-06   4.6761342706e-02   7.6821647680e-06   4.6761253832e-02      21.349800      21.349800
   550   6.7070781478e-06   3.8589025767e-02   6.7070823617e-06   3.8589037302e-02      21.375000      21.375000
   551   6.7090112632e-06   3.8605227318e-02   6.7090148419e-06   3.8605233519e-02      21.375000      21.375000
   552   5.8770502967e-06   3.1632514841e-02   5.8770566382e-06   3.1632548400e-02      21.400400      21.400400
   553   5.8638063237e-06   3.1521516345e-02   5.8638155367e-06   3.1521574038e-02      21.419100      21.419100
   554   5.8636851145e-06   3.1520500484e-02   5.8636999499e-06   3.1520605299e-02      21.419200      21.419200
   555   6.2545422731e-06   3.4796296700e-02   6.2545513941e-06   3.4796351649e-02      21.424000      21.424000
   556   6.2568566175e-06   3.4815693353e-02   6.2568620423e-06   3.4815717311e-02      21.424100      21.424100
   557   6.4687484088e-06   3.6591570583e-02   6.4687449654e-06   3.6591519147e-02      21.445500      21.445500
   558   6.0213485971e-06   3.2841887156e-02   6.0213428867e-06   3.2841818978e-02      21.457200      21.457200
   559   6.0217191024e-06   3.2844992381e-02   6.0217162481e-06   3.2844948140e-02      21.457200      21.457200
   560   5.6779995347e-06   2.9964259012e-02   5.6780039452e-06   2.9964277393e-02      21.483600      21.483600
   561   5.6764738125e-06   2.9951471847e-02   5.6764738040e-06   2.9951453200e-02      21.483700      21.483700
   562   7.7132500886e-06   4.7021810391e-02   7.7132387387e-06   4.7021686402e-02      21.489200      21.489200
   563   7.3187313727e-06   4.3715326452e-02   7.3187384700e-06   4.3715359064e-02      21.512300      21.512300
   564   6.5194564017e-06   3.7016557174e-02   6.5194620053e-06   3.7016581305e-02      21.514900      21.514900
   565   5.9491665780e-06   3.2236925522e-02   5.9491329205e-06   3.2236623483e-02      21.517100      21.517100
   566   6.4025793993e-06   3.6037004328e-02   6.4023272841e-06   3.6034869094e-02      21.517400      21.517400
   567   6.3820636447e-06   3.5865060614e-02   6.3820302979e-06   3.5864758993e-02      21.517400      21.517400
   568   7.4174215642e-06   4.4542454596e-02   7.4174164695e-06   4.4542384527e-02      21.546800      21.546800
   569   6.3135606848e-06   3.5290933387e-02   6.3135750240e-06   3.5291031770e-02      21.566800      21.566800
   570   6.9436514834e-06   4.0571760432e-02   6.9436532035e-06   4.0571749872e-02      21.569300      21.569300
   571   6.9432700931e-06   4.0568563979e-02   6.9432644434e-06   4.0568491654e-02      21.569300      21.569300
   572   8.2996804543e-06   5.1936716850e-02   8.2996590391e-06   5.1936505541e-02      21.635000      21.635000
   573   8.3009073793e-06   5.1946999778e-02   8.3009039734e-06   5.1946939401e-02      21.635000      21.635000
   574   6.8329662576e-06   3.9644101220e-02   6.8330411689e-06   3.9644704639e-02      21.662500      21.662500
   575   6.8371634714e-06   3.9679278309e-02   6.8373580414e-06   3.9680884572e-02      21.662500      21.662500
   576   6.2146165292e-06   3.4461676756e-02   6.2146129785e-06   3.4461625703e-02      21.664600      21.664600
   577   8.0783922693e-06   5.0082087906e-02   8.0783761779e-06   5.0081922335e-02      21.718600      21.718600
   578   8.0788287430e-06   5.0085746016e-02   8.0787885404e-06   5.0085378366e-02      21.718600      21.718600
   579   7.4832647426e-06   4.5094290043e-02   7.4832637764e-06   4.5094254242e-02      21.722100      21.722100
   580   6.9174690074e-06   4.0352323603e-02   6.9174393902e-06   4.0352050535e-02      21.728200      21.728200
   581   6.9197182320e-06   4.0371174483e-02   6.9197204454e-06   4.0371168178e-02      21.728200      21.728200
   582   7.4329545557e-06   4.4672637486e-02   7.4329537588e-06   4.4672603360e-02      21.745200      21.745200
   583   8.3662202735e-06   5.2494390883e-02   8.3662281934e-06   5.2494425098e-02      21.778500      21.778500
   584   8.3707385043e-06   5.2532258434e-02   8.3707548389e-06   5.2532363150e-02      21.778500      21.778500
   585   6.8856194254e-06   4.0085390434e-02   6.8856186055e-06   4.0085358878e-02      21.817500      21.817500
   586   6.1418706771e-06   3.3851989606e-02   6.1418759899e-06   3.3852013205e-02      21.938700      21.938700
   587   7.3716257289e-06   4.4158637079e-02   7.3716286310e-06   4.4158634263e-02      21.982000      21.982000
   588   7.3710011690e-06   4.4153402607e-02   7.3709953467e-06   4.4153326674e-02      21.982000      21.982000
   589   6.4424299431e-06   3.6370994016e-02   6.4424225998e-06   3.6370910027e-02      22.026400      22.026400
   590   6.4426758596e-06   3.6373055057e-02   6.4426721557e-06   3.6373001568e-02      22.026500      22.026500
   591   6.4701371465e-06   3.6603209674e-02   6.4701389846e-06   3.6603202495e-02      22.054800      22.054800
   592   6.4699323396e-06   3.6601493175e-02   6.4699331669e-06   3.6601477526e-02      22.054800      22.054800
   593   7.1402528498e-06   4.2219487737e-02   7.1402534769e-06   4.2219467023e-02      22.071100      22.071100
   594   7.2873560777e-06   4.3452368309e-02   7.2873576013e-06   4.3452354366e-02      22.119400      22.119400
   595   7.5975469096e-06   4.6052095425e-02   7.5975448659e-06   4.6052050017e-02      22.132900      22.132900
   596   7.5977425432e-06   4.6053735042e-02   7.5977325998e-06   4.6053623425e-02      22.132900      22.132900
   597   7.4795438751e-06   4.5063105239e-02   7.4795346665e-06   4.5063000378e-02      22.211200      22.211200
   598   7.4798615365e-06   4.5065767577e-02   7.4798382038e-06   4.5065544340e-02      22.211200      22.211200
   599   8.8923576855e-06   5.6903978645e-02   8.8923548900e-06   5.6903920397e-02      22.220800      22.220800
   600   6.4371761329e-06   3.6326961532e-02   6.4371792291e-06   3.6326965064e-02      22.294800      22.294800
   601   6.9110893148e-06   4.0298855034e-02   6.9110842428e-06   4.0298787713e-02      22.327500      22.327500
   602   6.9100910902e-06   4.0290488856e-02   6.9100946113e-06   4.0290493560e-02      22.327600      22.327600
   603   7.1350146800e-06   4.2175586336e-02   7.1350165813e-06   4.2175576328e-02      22.458000      22.458000
   604   7.1363014958e-06   4.2186371213e-02   7.1363016163e-06   4.2186346273e-02      22.458000      22.458000
   605   5.7894615154e-06   3.0898428251e-02   5.7894610737e-06   3.0898405403e-02      22.463400      22.463400
   606   6.5806855850e-06   3.7529722464e-02   6.5806870135e-06   3.7529711293e-02      22.483600      22.483600
   607   6.5806339868e-06   3.7529290017e-02   6.5806360479e-06   3.7529284148e-02      22.483600      22.483600
   608   7.9503925958e-06   4.9009315316e-02   7.9503898232e-06   4.9009262017e-02      22.495000      22.495000
   609   1.0663761607e-05   7.1750216296e-02   1.0663763769e-05   7.1750190649e-02      22.756000      22.756000
   610   9.0328075692e-06   5.8081097160e-02   9.0328124612e-06   5.8081102630e-02      22.801200      22.801200
   611   9.0317056674e-06   5.8071862057e-02   9.0316874530e-06   5.8071673878e-02      22.801300      22.801300
   612   6.6697741965e-06   3.8276379216e-02   6.6697790364e-06   3.8276396187e-02      22.970000      22.970000
   613   5.1054300712e-06   2.5165521567e-02   5.1054252209e-06   2.5165465225e-02      23.013000      23.013000
   614   5.1059479833e-06   2.5169862219e-02   5.1059479541e-06   2.5169846280e-02      23.013100      23.013100
   615   5.7213974474e-06   3.0327979402e-02   5.7213952619e-06   3.0327942283e-02      23.033000      23.033000
   616   5.9517010638e-06   3.2258167192e-02   5.9516967439e-06   3.2258111021e-02      23.033300      23.033300
   617   5.0786451388e-06   2.4941035517e-02   5.0786201102e-06   2.4940810194e-02      23.058200      23.058200
   618   5.1059940662e-06   2.5170248442e-02   5.1058198634e-06   2.5168772745e-02      23.058200      23.058200
   619   5.0546300899e-06   2.4739764017e-02   5.0546998804e-06   2.4740333499e-02      23.058900      23.058900
   620   5.0782038558e-06   2.4937337099e-02   5.0783269397e-06   2.4938353117e-02      23.058900      23.058900
   621   5.3852802812e-06   2.7510962195e-02   5.3853059139e-06   2.7511159919e-02      23.084300      23.084300
   622   5.4356323369e-06   2.7932965655e-02   5.4356122655e-06   2.7932780076e-02      23.084300      23.084300
   623   5.6531043049e-06   2.9755610666e-02   5.6530961043e-06   2.9755523479e-02      23.085000      23.085000
   624   5.6596687994e-06   2.9810628071e-02   5.6596784423e-06   2.9810690396e-02      23.099200      23.099200
   625   5.6631397714e-06   2.9839718485e-02   5.6631395971e-06   2.9839698516e-02      23.103400      23.103400
   626   5.6618559078e-06   2.9828958351e-02   5.6618503691e-06   2.9828893429e-02      23.103500      23.103500
   627   5.7106217183e-06   3.0237667400e-02   5.7106247602e-06   3.0237674145e-02      23.129300      23.129300
   628   4.5878780073e-06   2.0827888098e-02   4.5878785697e-06   2.0827879735e-02      23.212500      23.212500
   629   5.3066312523e-06   2.6851800182e-02   5.3066319759e-06   2.6851789539e-02      23.241500      23.241600
   630   5.3070082530e-06   2.6854959846e-02   5.3070073564e-06   2.6854935622e-02      23.241600      23.241600
   631   5.4483168816e-06   2.8039275550e-02   5.4483156961e-06   2.8039248192e-02      23.278100      23.278100
   632   6.0467955510e-06   3.3055159532e-02   6.0467969690e-06   3.3055150970e-02      23.332100      23.332100
   633   6.0469632732e-06   3.3056565222e-02   6.0469606308e-06   3.3056522628e-02      23.332100      23.332100
   634   5.6806583064e-06   2.9986542330e-02   5.6806588976e-06   2.9986528688e-02      23.362300      23.362300
   635   6.3009726363e-06   3.5185432232e-02   6.3009711620e-06   3.5185398145e-02      23.381800      23.381800
   636   6.3020054902e-06   3.5194088639e-02   6.3019986345e-06   3.5194009446e-02      23.381900      23.381900
   637   6.5284135290e-06   3.7091627371e-02   6.5284132421e-06   3.7091602087e-02      23.465200      23.465200
   638   6.8197866608e-06   3.9533642265e-02   6.8197835046e-06   3.9533591462e-02      23.477400      23.477400
   639   6.8195747515e-06   3.9531866241e-02   6.8195745556e-06   3.9531840250e-02      23.477400      23.477400
   640   7.0329496938e-06   4.1320173845e-02   7.0329520731e-06   4.1320168358e-02      23.686500      23.686500
   641   7.3080487352e-06   4.3625794656e-02   7.3080519932e-06   4.3625795145e-02      23.697000      23.697000
   642   7.3038373783e-06   4.3590499033e-02   7.3038385758e-06   4.3590482273e-02      23.697100      23.697100
   643   7.3557077382e-06   4.4025227488e-02   7.3557095311e-06   4.4025215457e-02      23.712800      23.712800
   644   8.4792131580e-06   5.3441390714e-02   8.4792063371e-06   5.3441300815e-02      23.743800      23.743800
   645   7.3149268126e-06   4.3683440216e-02   7.3149284199e-06   4.3683426835e-02      23.765500      23.765500
   646   7.3176826509e-06   4.3706537055e-02   7.3176809129e-06   4.3706495623e-02      23.765600      23.765600
   647   7.2808736586e-06   4.3398038784e-02   7.2808748549e-06   4.3398022130e-02      23.784700      23.784700
   648   7.2785272031e-06   4.3378373006e-02   7.2785191346e-06   4.3378278715e-02      23.784800      23.784800
   649   7.0216129604e-06   4.1225160033e-02   7.0216190101e-06   4.1225185366e-02      23.828100      23.828100
   650   7.0195673495e-06   4.1208015652e-02   7.0195831372e-06   4.1208122609e-02      23.828200      23.828200
   651   7.3912468136e-06   4.4323082513e-02   7.3911750517e-06   4.4322453836e-02      23.835400      23.835400
   652   7.3985605308e-06   4.4384379196e-02   7.3985308280e-06   4.4384102980e-02      23.835500      23.835500
   653   7.2504896294e-06   4.3143388496e-02   7.2504933035e-06   4.3143392762e-02      23.837800      23.837800
   654   8.4823667258e-06   5.3467820947e-02   8.4823705648e-06   5.3467820373e-02      23.850200      23.850200
   655   6.9151502927e-06   4.0332890322e-02   6.9151550107e-06   4.0332905032e-02      23.874700      23.874700
   656   7.1008328679e-06   4.1889106613e-02   7.1008347193e-06   4.1889096359e-02      23.981500      23.981500
   657   7.0990669602e-06   4.1874306439e-02   7.0990690080e-06   4.1874297840e-02      23.981500      23.981500
   658   1.4587571652e-05   1.0463589286e-01   1.4587555605e-05   1.0463569478e-01      24.012900      24.012900
   659   7.2126170570e-06   4.2825976299e-02   7.2126197808e-06   4.2825972792e-02      24.015600      24.015600
   660   1.3029862788e-05   9.1580645717e-02   1.3029860367e-05   9.1580569710e-02      24.036000      24.036000
   661   1.3032263365e-05   9.1600765089e-02   1.3032335744e-05   9.1601315974e-02      24.036000      24.036000
   662   1.0610938504e-05   7.1307502848e-02   1.0610926140e-05   7.1307355721e-02      24.121300      24.121300
   663   1.0608294607e-05   7.1285344192e-02   1.0608292237e-05   7.1285280849e-02      24.121300      24.121300
   664   1.1629937984e-05   7.9847795811e-02   1.1629928250e-05   7.9847665581e-02      24.140200      24.140200
   665   9.0240061645e-06   5.8007332083e-02   9.0240080212e-06   5.8007312159e-02      24.168100      24.168100
   666   1.4326475973e-05   1.0244763503e-01   1.4326477219e-05   1.0244758321e-01      24.171400      24.171400
   667   8.9384205243e-06   5.7290033934e-02   8.9385769454e-06   5.7291309855e-02      24.176100      24.176100
   668   8.9476087694e-06   5.7367041142e-02   8.9476073069e-06   5.7366993786e-02      24.176100      24.176100
   669   1.0850659509e-05   7.3316618309e-02   1.0850534563e-05   7.3315526417e-02      24.193900      24.193900
   670   1.0835593096e-05   7.3190345843e-02   1.0835717701e-05   7.3191345527e-02      24.193900      24.193900
   671   1.2351729049e-05   8.5897168036e-02   1.2351734245e-05   8.5897159291e-02      24.213100      24.213100
   672   8.5575221726e-06   5.4097703048e-02   8.5575088507e-06   5.4097558268e-02      24.217900      24.217900
   673   8.5575216742e-06   5.4097698871e-02   8.5575209680e-06   5.4097659824e-02      24.217900      24.217900
   674   8.0689375362e-06   5.0002847247e-02   8.0689378352e-06   5.0002819092e-02      24.284300      24.284300
   675   8.2857135524e-06   5.1819659445e-02   8.2857021307e-06   5.1819531964e-02      24.293700      24.293700
   676   8.2762797449e-06   5.1740594164e-02   8.2762894781e-06   5.1740644031e-02      24.293700      24.293700
   677   9.5450947466e-06   6.2374605314e-02   9.5450805950e-06   6.2374448591e-02      24.329700      24.329700
   678   9.5430032042e-06   6.2357075977e-02   9.5430141182e-06   6.2357129341e-02      24.329700      24.329700
   679   1.1119652570e-05   7.5571064551e-02   1.1119653568e-05   7.5571026845e-02      24.344400      24.344400
   680   9.2431472909e-06   5.9843966406e-02   9.2431656147e-06   5.9844083387e-02      24.370200      24.370200
   681   9.2415250478e-06   5.9830370294e-02   9.2415350339e-06   5.9830417404e-02      24.370200      24.370200
   682   1.0349736035e-05   6.9118350008e-02   1.0349740818e-05   6.9118347909e-02      24.380000      24.380000
   683   1.0140731656e-05   6.7366672339e-02   1.0140727217e-05   6.7366594016e-02      24.386600      24.386600
   684   9.3200549654e-06   6.0488534028e-02   9.3201092565e-06   6.0488952064e-02      24.405800      24.405800
   685   9.3188007823e-06   6.0478022647e-02   9.3191277792e-06   6.0480726251e-02      24.405800      24.405800
   686   9.9480821252e-06   6.5752065599e-02   9.9480818651e-06   6.5752023266e-02      24.438400      24.438400
   687   1.0313019452e-05   6.8810626224e-02   1.0313034486e-05   6.8810710225e-02      24.447700      24.447700
   688   1.0312155149e-05   6.8803382445e-02   1.0312134557e-05   6.8803167877e-02      24.447700      24.447700
   689   1.2320595138e-05   8.5636232947e-02   1.2320621075e-05   8.5636398188e-02      24.457500      24.457500
   690   1.0475577789e-05   7.0173036949e-02   1.0475551420e-05   7.0172773129e-02      24.484000      24.484000
   691   1.0470952714e-05   7.0134273927e-02   1.0470995162e-05   7.0134586899e-02      24.484000      24.484000
   692   1.0014301098e-05   6.6307050600e-02   1.0014206852e-05   6.6306220235e-02      24.490800      24.490800
   693   1.0010217448e-05   6.6272825298e-02   1.0010221601e-05   6.6272819638e-02      24.490900      24.490900
   694   1.0029345493e-05   6.6433138536e-02   1.0029343981e-05   6.6433085303e-02      24.512100      24.512100
   695   1.0954377737e-05   7.4185886713e-02   1.0954354145e-05   7.4185643756e-02      24.536200      24.536200
   696   1.5273780020e-05   1.1038704446e-01   1.5273831412e-05   1.1038740813e-01      24.560200      24.560200
   697   1.5264159455e-05   1.1030641396e-01   1.5264212492e-05   1.1030679146e-01      24.560300      24.560300
   698   1.1034940910e-05   7.4861091277e-02   1.1034938121e-05   7.4861022260e-02      24.576600      24.576600
   699   1.1033938341e-05   7.4852688695e-02   1.1033898190e-05   7.4852306550e-02      24.576600      24.576600
   700   1.2029838120e-05   8.3199381735e-02   1.2029842577e-05   8.3199368429e-02      24.671400      24.671400
   701   1.2202240555e-05   8.4644296415e-02   1.2202477650e-05   8.4646231981e-02      24.761700      24.761700
   702   1.2194042545e-05   8.4575588422e-02   1.2194198350e-05   8.4576842733e-02      24.761700      24.761700
   703   1.1189453869e-05   7.6156073234e-02   1.1189454923e-05   7.6156035645e-02      24.764300      24.764300
   704   1.0426746096e-05   6.9763775736e-02   1.0426740541e-05   6.9763686603e-02      25.093600      25.093600
   705   1.0423272794e-05   6.9734665789e-02   1.0423268038e-05   6.9734583382e-02      25.093700      25.093700
   706   1.2694377671e-05   8.8768925752e-02   1.2694394316e-05   8.8769011230e-02      25.122500      25.122500
   707   1.2699338258e-05   8.8810500712e-02   1.2699347571e-05   8.8810524718e-02      25.122500      25.122500
   708   7.6564686643e-06   4.6545922024e-02   7.6564679386e-06   4.6545887364e-02      25.620600      25.620600
   709   8.8639716925e-06   5.6666074014e-02   8.8639740314e-06   5.6666058940e-02      25.632700      25.632700
   710   8.8650105899e-06   5.6674781072e-02   8.8650168771e-06   5.6674799084e-02      25.632800      25.632800
   711   7.1444759084e-06   4.2254881433e-02   7.1444782758e-06   4.2254875283e-02      25.648600      25.648600
   712   9.2599686994e-06   5.9984947593e-02   9.2599715041e-06   5.9984934423e-02      25.672300      25.672300
   713   6.4927887949e-06   3.6793054435e-02   6.4927884305e-06   3.6793028683e-02      25.742400      25.742400
   714   6.4913281828e-06   3.6780812962e-02   6.4913450339e-06   3.6780931500e-02      25.742400      25.742400
   715   7.4536682102e-06   4.4846239811e-02   7.4536673918e-06   4.4846205399e-02      25.750500      25.750500
   716   7.4530099834e-06   4.4840723174e-02   7.4530177080e-06   4.4840760365e-02      25.750500      25.750500
   717   1.0810958912e-05   7.2983885337e-02   1.0810955463e-05   7.2983811916e-02      25.956800      25.956800
   718   9.7142614191e-06   6.3792400878e-02   9.7142257624e-06   6.3792063066e-02      25.985600      25.985600
   719   9.7135244672e-06   6.3786224442e-02   9.7135178631e-06   6.3786130125e-02      25.985600      25.985600
   720   1.0338665282e-05   6.9025565388e-02   1.0338666374e-05   6.9025532420e-02      25.992100      25.992100
   721   8.1815369405e-06   5.0946549298e-02   8.1815300328e-06   5.0946460175e-02      26.042300      26.042300
   722   8.1829806805e-06   5.0958649366e-02   8.1829678477e-06   5.0958510577e-02      26.042300      26.042300
   723   1.0666222676e-05   7.1770842658e-02   1.0666223420e-05   7.1770805111e-02      26.092900      26.092900
   724   9.1880278364e-06   5.9382007103e-02   9.1880245980e-06   5.9381943648e-02      26.141000      26.141000
   725   8.4666691241e-06   5.3336258449e-02   8.4666768232e-06   5.3336290306e-02      26.162300      26.162300
   726   8.4673848245e-06   5.3342256775e-02   8.4673920596e-06   5.3342284739e-02      26.162300      26.162300
   727   8.5469659763e-06   5.4009230963e-02   8.5469621201e-06   5.4009165568e-02      26.237700      26.237700
   728   8.7382613207e-06   5.5612488193e-02   8.7382560676e-06   5.5612410125e-02      26.335700      26.335700
   729   8.7382348247e-06   5.5612266128e-02   8.7382333591e-06   5.5612219804e-02      26.335700      26.335700
   730   6.5869659712e-06   3.7582358740e-02   6.5869670227e-06   3.7582344378e-02      26.402000      26.402000
   731   9.3919822990e-06   6.1091361127e-02   9.3919889013e-06   6.1091379118e-02      26.533700      26.533700
   732   9.3920514254e-06   6.1091940479e-02   9.3920671808e-06   6.1092035182e-02      26.533700      26.533700
   733   1.0773111285e-05   7.2666682207e-02   1.0773130693e-05   7.2666800548e-02      26.561300      26.561300
   734   1.0202680663e-05   6.7885870518e-02   1.0202687039e-05   6.7885882511e-02      26.567200      26.567200
   735   7.7944245892e-06   4.7702138526e-02   7.7944011377e-06   4.7701912704e-02      26.580400      26.580400
   736   7.7948707276e-06   4.7705877637e-02   7.7948633030e-06   4.7705786135e-02      26.580400      26.580400
   737   8.7210317677e-06   5.5468086323e-02   8.7210631484e-06   5.5468315372e-02      26.582800      26.582800
   738   7.6528224817e-06   4.6515363159e-02   7.6528497223e-06   4.6515562904e-02      26.601200      26.601200
   739   7.6523206852e-06   4.6511157573e-02   7.6523347365e-06   4.6511246782e-02      26.601200      26.601200
   740   7.9388741782e-06   4.8912778799e-02   7.9388571311e-06   4.8912605923e-02      26.620300      26.620300
   741   7.9385537350e-06   4.8910093147e-02   7.9385257300e-06   4.8909828433e-02      26.620300      26.620300
   742   8.2836895428e-06   5.1802696105e-02   8.2836933487e-06   5.1802696257e-02      26.635100      26.635100
   743   8.3733158443e-06   5.2553859268e-02   8.3733136297e-06   5.2553808508e-02      26.700000      26.700000
   744   8.3736734605e-06   5.2556856469e-02   8.3736651389e-06   5.2556754525e-02      26.700000      26.700000
   745   8.6470173771e-06   5.4847767479e-02   8.6470178505e-06   5.4847737866e-02      26.704500      26.704500
   746   7.3912859454e-06   4.4323410479e-02   7.3912868530e-06   4.4323390848e-02      26.728300      26.728300
   747   8.0095235690e-06   4.9504895387e-02   8.0095299470e-06   4.9504918480e-02      26.739700      26.739700
   748   8.0111350897e-06   4.9518401634e-02   8.0111392176e-06   4.9518405862e-02      26.739700      26.739700
   749   9.4091859463e-06   6.1235545879e-02   9.4091849776e-06   6.1235500330e-02      26.803100      26.803100
   750   1.0324988695e-05   6.8910941134e-02   1.0324972531e-05   6.8910763601e-02      26.807000      26.807000
   751   1.0324223860e-05   6.8904531003e-02   1.0324226587e-05   6.8904511812e-02      26.807000      26.807000
   752   7.6148005720e-06   4.6196699357e-02   7.6148082002e-06   4.6196734923e-02      26.944200      26.944200
   753   7.6144223442e-06   4.6193529408e-02   7.6144345430e-06   4.6193603282e-02      26.944300      26.944300
   754   1.0381614358e-05   6.9385524052e-02   1.0381614811e-05   6.9385485510e-02      26.976900      26.976900
   755   1.0839881103e-05   7.3226283876e-02   1.0839890451e-05   7.3226317561e-02      26.984600      26.984600
   756   1.0841332734e-05   7.3238450073e-02   1.0841322285e-05   7.3238317835e-02      26.984600      26.984600
   757   9.8734944527e-06   6.5126942047e-02   9.8735047820e-06   6.5126988841e-02      26.995000      26.995000
   758   9.8739313464e-06   6.5130603678e-02   9.8739387870e-06   6.5130626260e-02      26.995000      26.995000
   759   1.0815079804e-05   7.3018422768e-02   1.0815066620e-05   7.3018267739e-02      27.002800      27.002800
   760   9.8400941776e-06   6.4847012429e-02   9.8400713351e-06   6.4846781378e-02      27.008300      27.008300
   761   1.0665317448e-05   7.1763255886e-02   1.0665288998e-05   7.1762973677e-02      27.019400      27.019400
   762   1.0667998531e-05   7.1785726203e-02   1.0667988873e-05   7.1785601466e-02      27.019400      27.019400
   763   1.0580125188e-05   7.1049254682e-02   1.0580119933e-05   7.1049167291e-02      27.024500      27.024500
   764   9.5698557704e-06   6.2582128871e-02   9.5698383762e-06   6.2581944847e-02      27.025900      27.025900
   765   9.5752486402e-06   6.2627326822e-02   9.5752448256e-06   6.2627256582e-02      27.025900      27.025900
   766   1.0515888010e-05   7.0510879218e-02   1.0515891200e-05   7.0510862928e-02      27.094700      27.094700
   767   1.0515958154e-05   7.0511467097e-02   1.0515974098e-05   7.0511557709e-02      27.094800      27.094800
   768   7.9086651851e-06   4.8659595499e-02   7.9086550452e-06   4.8659480665e-02      27.117400      27.117400
   769   1.0796584852e-05   7.2863415513e-02   1.0796582525e-05   7.2863351575e-02      27.132200      27.132200
   770   1.2525258912e-05   8.7351531754e-02   1.2525254026e-05   8.7351437635e-02      27.162900      27.162900
   771   1.2529563411e-05   8.7387608002e-02   1.2529575722e-05   8.7387657995e-02      27.162900      27.162900
   772   1.1661712391e-05   8.0114098932e-02   1.1661795689e-05   8.0114748255e-02      27.204300      27.204300
   773   1.1656966765e-05   8.0074325575e-02   1.1657009148e-05   8.0074632002e-02      27.204400      27.204400
   774   9.3484138606e-06   6.0726211551e-02   9.3484129091e-06   6.0726166454e-02      27.211800      27.211800
   775   9.3402147842e-06   6.0657494623e-02   9.3401875329e-06   6.0657229146e-02      27.211800      27.211800
   776   1.2705002438e-05   8.8857972533e-02   1.2705036958e-05   8.8858207767e-02      27.215500      27.215500
   777   9.7330916100e-06   6.3950217785e-02   9.7330984975e-06   6.3950236444e-02      27.225600      27.225600
   778   9.3998368854e-06   6.1157190865e-02   9.3998398419e-06   6.1157178261e-02      27.235500      27.235500
   779   9.2839865816e-06   6.0186242838e-02   9.2840153403e-06   6.0186447068e-02      27.245900      27.245900
   780   9.2783469730e-06   6.0138976956e-02   9.2783917598e-06   6.0139315547e-02      27.246000      27.246000
   781   9.6794200883e-06   6.3500393691e-02   9.6794518008e-06   6.3500620680e-02      27.251100      27.251100
   782   1.0090960517e-05   6.6949537581e-02   1.0090954248e-05   6.6949444159e-02      27.263600      27.263600
   783   7.7983274278e-06   4.7734848439e-02   7.7983337924e-06   4.7734872488e-02      27.271200      27.271200
   784   7.8004870186e-06   4.7752948093e-02   7.8005041457e-06   4.7753062332e-02      27.271200      27.271200
   785   7.6498289839e-06   4.6490274483e-02   7.6498423131e-06   4.6490357651e-02      27.285800      27.285800
   786   7.9934333616e-06   4.9370042438e-02   7.9932738329e-06   4.9368675140e-02      27.301200      27.301200
   787   7.9879097284e-06   4.9323748551e-02   7.9880340447e-06   4.9324760202e-02      27.301200      27.301200
   788   1.0413606075e-05   6.9653648468e-02   1.0413584498e-05   6.9653425122e-02      27.301700      27.301700
   789   8.8259243166e-06   5.6347196778e-02   8.8262313367e-06   5.6349735445e-02      27.305100      27.305100
   790   8.8290986798e-06   5.6373801298e-02   8.8293508737e-06   5.6375880448e-02      27.305100      27.305100
   791   8.4879909304e-06   5.3514957727e-02   8.4879720725e-06   5.3514766901e-02      27.326500      27.326500
   792   7.6566341765e-06   4.6547309191e-02   7.6566196779e-06   4.6547159099e-02      27.333300      27.333300
   793   7.6567457375e-06   4.6548244190e-02   7.6567465345e-06   4.6548222291e-02      27.333300      27.333300
   794   9.3117572891e-06   6.0418990728e-02   9.3117934704e-06   6.0419257027e-02      27.352400      27.352400
   795   9.3104735183e-06   6.0408231371e-02   9.3105061598e-06   6.0408468009e-02      27.352400      27.352400
   796   1.0232764444e-05   6.8138004410e-02   1.0232766467e-05   6.8137979771e-02      27.365200      27.365200
   797   9.8303369797e-06   6.4765236795e-02   9.8303466914e-06   6.4765278631e-02      27.384300      27.384300
   798   9.8328746923e-06   6.4786505509e-02   9.8328638277e-06   6.4786374882e-02      27.384400      27.384400
   799   8.4805389527e-06   5.3452502276e-02   8.4805249772e-06   5.3452352407e-02      27.388500      27.388500
   800   1.0096729381e-05   6.6997886760e-02   1.0096074741e-05   6.6992359280e-02      27.426700      27.426700
   801   8.5723086517e-06   5.4221629376e-02   8.5718574090e-06   5.4217814284e-02      27.426800      27.426800
   802   8.6541370816e-06   5.4907438130e-02   8.6541845448e-06   5.4907802305e-02      27.426900      27.426900
   803   1.2924707755e-05   9.0699335368e-02   1.2924715611e-05   9.0699346025e-02      27.439200      27.439200
   804   9.7188011726e-06   6.3830448812e-02   9.7188108587e-06   6.3830490998e-02      27.452900      27.452900
   805   9.7219094377e-06   6.3856499360e-02   9.7219067563e-06   6.3856437877e-02      27.452900      27.452900
   806   8.0594424380e-06   4.9923268285e-02   8.0594546285e-06   4.9923339842e-02      27.496600      27.496600
   807   8.0604408968e-06   4.9931636425e-02   8.0604286867e-06   4.9931503474e-02      27.496600      27.496600
   808   9.0542283396e-06   5.8260625862e-02   9.0542182273e-06   5.8260505473e-02      27.519700      27.519700
   809   8.3343322062e-06   5.2227135166e-02   8.3343178988e-06   5.2226983253e-02      27.523500      27.523500
   810   8.3330129438e-06   5.2216078352e-02   8.3330089037e-06   5.2216012497e-02      27.523600      27.523600
   811   8.8327614366e-06   5.6404499073e-02   8.8327550851e-06   5.6404411321e-02      27.529200      27.529200
   812   1.0259214569e-05   6.8359684418e-02   1.0259232612e-05   6.8359793917e-02      27.544700      27.544700
   813   9.0618234447e-06   5.8324280872e-02   9.0618799137e-06   5.8324718467e-02      27.554600      27.554600
   814   9.0615513505e-06   5.8322000436e-02   9.0616503411e-06   5.8322794406e-02      27.554600      27.554600
   815   9.9994352179e-06   6.6182458807e-02   9.9994535050e-06   6.6182571661e-02      27.566700      27.566700
   816   1.0365615320e-05   6.9251435200e-02   1.0365607591e-05   6.9251328164e-02      27.575300      27.575300
   817   1.0411613143e-05   6.9636945591e-02   1.0411571186e-05   6.9636551454e-02      27.591300      27.591300
   818   1.0407776083e-05   6.9604786966e-02   1.0407759716e-05   6.9604607324e-02      27.591400      27.591400
   819   9.7146215418e-06   6.3795419087e-02   9.7145612013e-06   6.3794874397e-02      27.608200      27.608200
   820   9.7062538655e-06   6.3725289113e-02   9.7062415681e-06   6.3725147117e-02      27.608200      27.608200
   821   9.8684167335e-06   6.5084385391e-02   9.8684091915e-06   6.5084282431e-02      27.613600      27.613600
   822   1.2086302282e-05   8.3672611109e-02   1.2086278004e-05   8.3672356683e-02      27.633000      27.633000
   823   1.2088024397e-05   8.3687044256e-02   1.2088032229e-05   8.3687058938e-02      27.633000      27.633000
   824   1.3538811992e-05   9.5846178128e-02   1.3538841238e-05   9.5846364944e-02      27.702500      27.702500
   825   1.3544060517e-05   9.5890166315e-02   1.3544046253e-05   9.5889988454e-02      27.702600      27.702600
   826   9.0403388901e-06   5.8144217591e-02   9.0403260569e-06   5.8144074468e-02      27.748900      27.748900
   827   9.0375361193e-06   5.8120727408e-02   9.0375147100e-06   5.8120512423e-02      27.749000      27.749000
   828   8.5055016242e-06   5.3661715854e-02   8.5054971942e-06   5.3661645860e-02      27.782800      27.782800
   829   9.8649914275e-06   6.5055677705e-02   9.8649872595e-06   6.5055603040e-02      27.830800      27.830800
   830   1.1279544351e-05   7.6911126721e-02   1.1279532851e-05   7.6910983461e-02      27.842900      27.842900
   831   8.5216033840e-06   5.3796665624e-02   8.5216028088e-06   5.3796627857e-02      27.881000      27.881000
   832   1.0442685015e-05   6.9897360729e-02   1.0442682424e-05   6.9897296360e-02      27.923900      27.923900
   833   1.0441773881e-05   6.9889724463e-02   1.0441786874e-05   6.9889790710e-02      27.923900      27.923900
   834   9.6272996053e-06   6.3063568940e-02   9.6273024503e-06   6.3063554251e-02      27.965600      27.965600
   835   9.6266711365e-06   6.3058301707e-02   9.6266653271e-06   6.3058214489e-02      27.965600      27.965600
   836   8.8190531459e-06   5.6289609104e-02   8.8190619605e-06   5.6289648529e-02      28.026000      28.026000
   837   1.2583567083e-05   8.7840215866e-02   1.2583562297e-05   8.7840122291e-02      28.113800      28.113800
   838   1.2584597700e-05   8.7848853532e-02   1.2584608126e-05   8.7848887444e-02      28.113800      28.113800
   839   8.7362820599e-06   5.5595899894e-02   8.7362730051e-06   5.5595789974e-02      28.133800      28.133800
   840   1.1119134672e-05   7.5566724020e-02   1.1119110492e-05   7.5566475295e-02      28.173600      28.173600
   841   1.1121113069e-05   7.5583305076e-02   1.1121104560e-05   7.5583187686e-02      28.173600      28.173600
   842   9.5315818401e-06   6.2261352871e-02   9.5315784755e-06   6.2261286623e-02      28.276800      28.276800
   843   9.5300129449e-06   6.2248203870e-02   9.5300110084e-06   6.2248149600e-02      28.276800      28.276800
   844   6.4549167819e-06   3.6475646927e-02   6.4549144765e-06   3.6475605098e-02      28.297600      28.297600
   845   9.0161257887e-06   5.7941286202e-02   9.0161251729e-06   5.7941245596e-02      28.379600      28.379600
   846   1.7037569451e-05   1.2516946464e-01   1.7037577753e-05   1.2516945825e-01      28.515700      28.515700
   847   1.7023856890e-05   1.2505453888e-01   1.7023860088e-05   1.2505448979e-01      28.515800      28.515800
   848   1.7486405456e-05   1.2893118489e-01   1.7486402051e-05   1.2893107812e-01      28.640800      28.640800
   849   1.7258853134e-05   1.2702405585e-01   1.7258856979e-05   1.2702401100e-01      28.763900      28.763900
   850   1.7258832882e-05   1.2702388612e-01   1.7258833931e-05   1.2702381783e-01      28.764000      28.764000
   851   1.9352764754e-05   1.4457324898e-01   1.9352766721e-05   1.4457317781e-01      28.998200      28.998200
   852   1.4018140096e-05   9.9863454401e-02   1.4018141396e-05   9.9863404584e-02      29.063700      29.063700
   853   1.4021099073e-05   9.9888253755e-02   1.4021094905e-05   9.9888158095e-02      29.063800      29.063800
   854   1.3013597459e-05   9.1444325060e-02   1.3013595914e-05   9.1444256476e-02      29.084800      29.084800
   855   8.2546683811e-06   5.1559468088e-02   8.2546691033e-06   5.1559442542e-02      29.764300      29.764300
   856   7.4670194905e-06   4.4958137655e-02   7.4670184480e-06   4.4958101298e-02      29.815800      29.815800
   857   7.4667344661e-06   4.4955748849e-02   7.4667350802e-06   4.4955726377e-02      29.815900      29.815900
   858   5.8851374445e-06   3.1700293690e-02   5.8851433998e-06   3.1700323971e-02      29.957800      29.957800
   859   5.2270185538e-06   2.6184561599e-02   5.2270185736e-06   2.6184545459e-02      29.988700      29.988700
   860   5.2270517907e-06   2.6184840160e-02   5.2270476549e-06   2.6184789191e-02      29.988800      29.988800
   861   6.7216407345e-06   3.8711075639e-02   6.7216412747e-06   3.8711056312e-02      30.006800      30.006800
   862   5.1286386143e-06   2.5360033696e-02   5.1286414460e-06   2.5360041619e-02      30.035400      30.035400
   863   5.1277334519e-06   2.5352447478e-02   5.1277427104e-06   2.5352509269e-02      30.035400      30.035400
   864   4.9962353701e-06   2.4250354528e-02   4.9962335816e-06   2.4250324399e-02      30.058200      30.058200
