# k-point: 0.000000  0.000000  0.000000
# band     ipr_up            ipr_norm_up       ipr_dw            ipr_norm_dw       Energy_up(eV)   Energy_dw(eV)
     1   1.9710627902e-06   0.0000000000e+00   1.9771927859e-06   0.0000000000e+00      -8.291000      -8.285900
     2   1.7765813692e-05   1.0971881707e-01   1.7591780850e-05   1.2452130841e-01      -7.466200      -7.463100
     3   4.0136633529e-06   1.4188999806e-02   4.0164553304e-06   1.6262461692e-02      -7.284200      -7.281600
     4   4.0136959338e-06   1.4189226130e-02   4.0164958755e-06   1.6262785026e-02      -7.284200      -7.281600
     5   4.0458303076e-06   1.4412448737e-02   4.0704749192e-06   1.6693250507e-02      -7.240700      -7.233700
     6   4.0458448883e-06   1.4412550023e-02   4.0704872754e-06   1.6693349043e-02      -7.240600      -7.233700
     7   4.6441914677e-06   1.8568986506e-02   4.7097875686e-06   2.1791562884e-02      -7.156000      -7.144800
     8   1.9040267206e-05   1.1857185520e-01   1.8989617431e-05   1.3566860473e-01      -6.627000      -6.623600
     9   5.2913573903e-06   2.3064548349e-02   5.2936716547e-06   2.6447850329e-02      -6.284500      -6.282300
    10   5.2903040046e-06   2.3057230966e-02   5.2927408162e-06   2.6440427192e-02      -6.284500      -6.282300
    11   6.0394697513e-06   2.8261338333e-02   6.0330899598e-06   3.2344473054e-02      -6.275800      -6.273600
    12   6.0396701932e-06   2.8262730710e-02   6.0333384412e-06   3.2346454613e-02      -6.275800      -6.273600
    13   4.4633223881e-06   1.7312572803e-02   4.4627179437e-06   1.9821262237e-02      -6.262800      -6.258400
    14   6.0086558865e-06   2.8047288689e-02   6.0518788025e-06   3.2494308020e-02      -6.237800      -6.231400
    15   6.0080167994e-06   2.8042849248e-02   6.0498801784e-06   3.2478369637e-02      -6.237800      -6.231400
    16   6.4397163296e-06   3.1041665884e-02   6.4689769711e-06   3.5820531516e-02      -6.225500      -6.222300
    17   4.6947802172e-06   1.8920403112e-02   4.7052034974e-06   2.1755006393e-02      -6.182000      -6.166000
    18   4.6953262793e-06   1.8924196352e-02   4.7058879908e-06   2.1760465007e-02      -6.182000      -6.166000
    19   5.2800591435e-06   2.2986064663e-02   5.2530929274e-06   2.6124248054e-02      -6.010600      -5.988700
    20   9.2438823876e-06   5.0520908365e-02   9.1679291778e-06   5.7343805696e-02      -5.515500      -5.510900
    21   5.8082279640e-06   2.6655008767e-02   5.7727132816e-06   3.0268052945e-02      -5.260300      -5.255600
    22   4.1168526788e-06   1.4905808247e-02   4.1274442640e-06   1.7147562675e-02      -5.254700      -5.248400
    23   4.1207376559e-06   1.4932795383e-02   4.1308075781e-06   1.7174384021e-02      -5.254700      -5.248400
    24   4.3842051950e-06   1.6762982317e-02   4.5855259258e-06   2.0800616323e-02      -5.231000      -5.224500
    25   4.1693107854e-06   1.5270210411e-02   4.1824770680e-06   1.7586431554e-02      -5.229600      -5.214700
    26   4.1773158104e-06   1.5325817610e-02   4.1834232581e-06   1.7593977115e-02      -5.229600      -5.214700
    27   5.2391933844e-06   2.2702189167e-02   5.2266551642e-06   2.5913415412e-02      -5.068500      -5.045200
    28   7.9782739018e-06   4.1729312550e-02   7.6033257196e-06   4.4866597270e-02      -4.458600      -4.447000
    29   4.2491251052e-06   1.5824643513e-02   4.2591444300e-06   1.8197829062e-02      -4.268800      -4.263300
    30   4.2492033822e-06   1.5825187268e-02   4.2592059197e-06   1.8198319422e-02      -4.268800      -4.263300
    31   4.3272746424e-06   1.6367512143e-02   4.3769781456e-06   1.9137514974e-02      -4.247800      -4.238200
    32   4.3273079483e-06   1.6367743503e-02   4.3769266414e-06   1.9137104246e-02      -4.247800      -4.238200
    33   5.3366786974e-06   2.3379374473e-02   5.3600021141e-06   2.6976814369e-02      -4.190600      -4.183000
    34   1.0412961574e-05   5.8641959857e-02   1.0535768367e-05   6.8251882483e-02      -3.868500      -3.856300
    35   6.9816649096e-06   3.4806331594e-02   6.8787449794e-06   3.9088299345e-02      -3.380300      -3.377100
    36   6.9813982742e-06   3.4804479401e-02   6.8791081896e-06   3.9091195828e-02      -3.380300      -3.377000
    37   8.2653749496e-06   4.3723670520e-02   8.2559911175e-06   5.0071393513e-02      -3.373100      -3.372200
    38   7.0769675029e-06   3.5468354557e-02   7.1444164248e-06   4.1206943516e-02      -3.372900      -3.370100
    39   7.0855821726e-06   3.5528196676e-02   7.1463965841e-06   4.1222734648e-02      -3.372900      -3.370100
    40   7.4156173700e-06   3.7820798293e-02   7.3490244204e-06   4.2838626351e-02      -3.358900      -3.355600
    41   6.7662287913e-06   3.3309796688e-02   6.7339061956e-06   3.7933256714e-02      -3.357300      -3.353500
    42   6.7631415914e-06   3.3288351341e-02   6.7309892615e-06   3.7909995105e-02      -3.357300      -3.353500
    43   7.5554042826e-06   3.8791833214e-02   7.5284856144e-06   4.4269771547e-02      -3.345300      -3.343900
    44   6.1327669171e-06   2.8909430520e-02   6.3441142670e-06   3.4824791684e-02      -3.338700      -3.336300
    45   6.1267069105e-06   2.8867334462e-02   6.3395876221e-06   3.4788693150e-02      -3.338600      -3.336300
    46   6.3829095987e-06   3.0647055842e-02   6.5422504936e-06   3.6404864246e-02      -3.332700      -3.328900
    47   6.3774200580e-06   3.0608922546e-02   6.5369491663e-06   3.6362587870e-02      -3.332700      -3.328600
    48   6.4195725492e-06   3.0901736374e-02   6.5437690036e-06   3.6416973875e-02      -3.331300      -3.328600
    49   6.2864062927e-06   2.9976692084e-02   6.0230025041e-06   3.2264028844e-02      -3.304600      -3.292700
    50   6.2862534883e-06   2.9975630623e-02   6.0230651826e-06   3.2264528686e-02      -3.304600      -3.292700
    51   7.4947486132e-06   3.8370486380e-02   7.6470573399e-06   4.5215342851e-02      -3.293300      -3.282600
    52   6.5809849915e-06   3.2022993831e-02   6.3614144737e-06   3.4962755258e-02      -3.289600      -3.279300
    53   6.5870857723e-06   3.2065373129e-02   6.3648320857e-06   3.4990009612e-02      -3.289500      -3.279300
    54   8.8124418888e-06   4.7523891099e-02   8.8299260711e-06   5.4648339833e-02      -3.265800      -3.262800
    55   7.8122755038e-06   4.0576198584e-02   7.2034483985e-06   4.1677704484e-02      -3.205100      -3.180100
    56   7.8122907751e-06   4.0576304666e-02   7.2028282026e-06   4.1672758622e-02      -3.205100      -3.180100
    57   7.0661424849e-06   3.5393158172e-02   7.2127878414e-06   4.1752183532e-02      -3.029300      -3.017000
    58   5.9819155593e-06   2.7861536024e-02   5.9687322860e-06   3.1831241343e-02      -2.832300      -2.828800
    59   7.7528788692e-06   4.0163597680e-02   7.7808224768e-06   4.6282076715e-02      -2.611400      -2.609500
    60   7.7517386921e-06   4.0155677398e-02   7.7796569554e-06   4.6272782058e-02      -2.611400      -2.609500
    61   7.2681050734e-06   3.6796098708e-02   7.2476971364e-06   4.2030573911e-02      -2.580900      -2.578500
    62   6.8463948105e-06   3.3866672884e-02   6.7290573839e-06   3.7894589003e-02      -2.579900      -2.575500
    63   6.8487834524e-06   3.3883265672e-02   6.7312631510e-06   3.7912179285e-02      -2.579900      -2.575400
    64   5.6222223714e-06   2.5362914088e-02   5.6337043930e-06   2.9159501850e-02      -2.566300      -2.564000
    65   5.4037857452e-06   2.3845536044e-02   5.3494484899e-06   2.6892652617e-02      -2.561400      -2.557600
    66   5.4033359757e-06   2.3842411704e-02   5.3475264298e-06   2.6877324807e-02      -2.561400      -2.557600
    67   7.8803737631e-06   4.1049245642e-02   7.6916585676e-06   4.5571023270e-02      -2.556800      -2.548600
    68   5.6627778548e-06   2.5644634242e-02   5.7002951291e-06   2.9690541513e-02      -2.549600      -2.543000
    69   5.6664402427e-06   2.5670075155e-02   5.7042252410e-06   2.9721882889e-02      -2.549600      -2.543000
    70   6.1510981137e-06   2.9036768851e-02   6.1642531518e-06   3.3390457246e-02      -2.529200      -2.521400
    71   5.7195261319e-06   2.6038838233e-02   5.8154891924e-06   3.0609177050e-02      -2.524100      -2.518900
    72   5.7204395858e-06   2.6045183574e-02   5.8172702783e-06   3.0623380636e-02      -2.524100      -2.518900
    73   6.8233033740e-06   3.3706267372e-02   6.8366264750e-06   3.8752417843e-02      -2.505900      -2.501900
    74   6.8233796732e-06   3.3706797388e-02   6.8363093273e-06   3.8749888693e-02      -2.505900      -2.501900
    75   5.9000344889e-06   2.7292746163e-02   5.9453282145e-06   3.1644601414e-02      -2.476500      -2.465300
    76   5.9474476821e-06   2.7622103650e-02   6.0289270966e-06   3.2311275561e-02      -2.470100      -2.457300
    77   5.9397195270e-06   2.7568419737e-02   6.0213770633e-06   3.2251066478e-02      -2.470100      -2.457300
    78   6.9802447983e-06   3.4796466738e-02   7.0714058649e-06   4.0624707826e-02      -2.432500      -2.423000
    79   8.6041122050e-06   4.6076721301e-02   8.8241023643e-06   5.4601897648e-02      -2.330500      -2.267100
    80   8.6037388317e-06   4.6074127650e-02   8.8239857652e-06   5.4600967807e-02      -2.330400      -2.267000
    81   5.8409476859e-06   2.6882297517e-02   5.5754331571e-06   2.8694807520e-02      -1.655800      -1.596700
    82   8.3980821487e-06   4.4645525951e-02   8.2878983924e-06   5.0325843750e-02      -1.070300      -1.062600
    83   7.4346220189e-06   3.7952814784e-02   7.4437583886e-06   4.3594099222e-02      -0.905700      -0.901700
    84   7.4343864881e-06   3.7951178661e-02   7.4435561616e-06   4.3592486527e-02      -0.905700      -0.901700
    85   5.9314537978e-06   2.7511001546e-02   6.2251592123e-06   3.3876163453e-02      -0.869700      -0.860200
    86   5.9312999270e-06   2.7509932676e-02   6.2255192417e-06   3.3879034571e-02      -0.869700      -0.860200
    87   7.5487964405e-06   3.8745931596e-02   7.5247618980e-06   4.4240076108e-02      -0.861300      -0.856900
    88   6.2803223811e-06   2.9934429969e-02   5.8257888717e-06   3.0691313674e-02      -0.858700      -0.852400
    89   6.2794900080e-06   2.9928647858e-02   5.8249786342e-06   3.0684852290e-02      -0.858600      -0.852400
    90   7.0131485076e-06   3.5025033563e-02   7.0177910350e-06   4.0197146834e-02      -0.847800      -0.841800
    91   7.2588687553e-06   3.6731938286e-02   7.4292519683e-06   4.3478415194e-02      -0.805800      -0.774800
    92   7.2592437991e-06   3.6734543541e-02   7.4293666609e-06   4.3479329831e-02      -0.805800      -0.774800
    93   5.8527006789e-06   2.6963940114e-02   5.6636598181e-06   2.9398386712e-02      -0.454300      -0.395300
    94   5.6400457855e-06   2.5486725088e-02   5.5307647809e-06   2.8338591613e-02       0.345600       0.357800
    95   5.1686432439e-06   2.2212110025e-02   5.1801763205e-06   2.5542761609e-02       0.397600       0.401100
    96   5.1683667313e-06   2.2210189220e-02   5.1800411880e-06   2.5541683972e-02       0.397600       0.401100
    97   5.2455335796e-06   2.2746231565e-02   5.3163003998e-06   2.6628307279e-02       0.419500       0.426700
    98   5.2459086286e-06   2.2748836857e-02   5.3167323289e-06   2.6631751775e-02       0.419500       0.426700
    99   6.7103951696e-06   3.2921946385e-02   6.8326722397e-06   3.8720884091e-02       0.457300       0.463600
   100   7.3232525352e-06   3.7179182577e-02   7.1723420937e-06   4.1429641727e-02       0.676500       0.695900
   101   9.0957272285e-06   4.9491743113e-02   9.0879954507e-06   5.6706359979e-02       0.854600       0.857600
   102   9.0977494658e-06   4.9505790658e-02   9.0899283111e-06   5.6721773918e-02       0.854600       0.857600
   103   7.5533653524e-06   3.8777669710e-02   7.5529591869e-06   4.4464940401e-02       0.891300       0.891600
   104   7.2963593634e-06   3.6992368171e-02   7.2148661406e-06   4.1768757298e-02       0.900900       0.902700
   105   7.2968523536e-06   3.6995792746e-02   7.2147636519e-06   4.1767939984e-02       0.900900       0.902700
   106   7.3724810515e-06   3.7521150273e-02   7.3624451813e-06   4.2945652595e-02       0.909100       0.911800
   107   7.3686761116e-06   3.7494719118e-02   7.3573542488e-06   4.2905054048e-02       0.909100       0.911900
   108   7.5966250775e-06   3.9078174979e-02   7.5902591427e-06   4.4762395530e-02       0.912300       0.914300
   109   7.8705495382e-06   4.0981001303e-02   7.8637350800e-06   4.6943278009e-02       0.912300       0.914500
   110   7.4035050642e-06   3.7736659716e-02   7.3614769468e-06   4.2937931236e-02       0.931300       0.935900
   111   7.4035120022e-06   3.7736707911e-02   7.3611733369e-06   4.2935510046e-02       0.931300       0.936000
   112   6.9739190936e-06   3.4752524999e-02   6.9785817035e-06   3.9884465049e-02       0.938600       0.941400
   113   6.9747912746e-06   3.4758583636e-02   6.9791749954e-06   3.9889196361e-02       0.938600       0.941400
   114   8.2905725459e-06   4.3898706548e-02   8.3739936796e-06   5.1012425923e-02       0.960200       0.967000
   115   7.4152371816e-06   3.7818157301e-02   7.4338881586e-06   4.3515387318e-02       0.994600       1.005700
   116   6.9652918926e-06   3.4692595830e-02   7.0150407807e-06   4.0175214442e-02       1.006300       1.015200
   117   6.9653308111e-06   3.4692866179e-02   7.0152573196e-06   4.0176941270e-02       1.006300       1.015300
   118   7.5591105234e-06   3.8817578752e-02   7.4819490888e-06   4.3898657750e-02       1.033100       1.039300
   119   7.2327518605e-06   3.6550516317e-02   7.1907879406e-06   4.1576741412e-02       1.036100       1.044700
   120   7.2409683799e-06   3.6607592671e-02   7.1975737492e-06   4.1630856049e-02       1.036100       1.044800
   121   7.8871662679e-06   4.1096430026e-02   7.2344278778e-06   4.1924755849e-02       1.054900       1.075800
   122   7.8884558102e-06   4.1105387879e-02   7.2343937029e-06   4.1924483316e-02       1.054900       1.075800
   123   6.6583829910e-06   3.2560641877e-02   6.6867153170e-06   3.7556924663e-02       1.092900       1.096100
   124   6.0714021291e-06   2.8483157767e-02   6.0607172504e-06   3.2564791794e-02       1.115000       1.118400
   125   6.0699005281e-06   2.8472726841e-02   6.0592917402e-06   3.2553423809e-02       1.115000       1.118400
   126   5.5252592744e-06   2.4689356375e-02   5.7463932284e-06   3.0058159001e-02       1.121600       1.127900
   127   4.9751865591e-06   2.0868256061e-02   5.0072919881e-06   2.4164064766e-02       1.136200       1.139000
   128   5.9568879806e-06   2.7687681030e-02   5.9522429214e-06   3.1699743974e-02       1.137500       1.141600
   129   5.9561896499e-06   2.7682830051e-02   5.9520046214e-06   3.1697843607e-02       1.137500       1.141600
   130   5.0475203499e-06   2.1370725395e-02   5.0678707117e-06   2.4647160567e-02       1.142200       1.144900
   131   5.1701921730e-06   2.2222869718e-02   5.1813906836e-06   2.5552445764e-02       1.144900       1.150900
   132   5.1885825244e-06   2.2350618970e-02   5.1895136714e-06   2.5617223974e-02       1.145000       1.151000
   133   5.1957966353e-06   2.2400732056e-02   5.0413121717e-06   2.4435364769e-02       1.158300       1.167800
   134   5.1091341587e-06   2.1798727980e-02   4.7359631098e-06   2.2000304391e-02       1.170200       1.175000
   135   5.1112429657e-06   2.1813376886e-02   4.7358792242e-06   2.1999635430e-02       1.170200       1.175100
   136   5.0849069765e-06   2.1630432970e-02   4.8547360745e-06   2.2947480513e-02       1.190900       1.197300
   137   5.0856023305e-06   2.1635263272e-02   4.8585864465e-06   2.2978185988e-02       1.190900       1.197300
   138   4.8466299084e-06   1.9975232567e-02   4.8761569003e-06   2.3118304696e-02       1.194800       1.201800
   139   5.6353062400e-06   2.5453801662e-02   5.9425178466e-06   3.1622189635e-02       1.202000       1.208300
   140   5.6263390174e-06   2.5391510521e-02   5.9424952480e-06   3.1622009419e-02       1.202000       1.208300
   141   5.0869995437e-06   2.1644969064e-02   5.2522086478e-06   2.6117196209e-02       1.203500       1.223500
   142   5.0986287336e-06   2.1725751659e-02   5.2516071866e-06   2.6112399750e-02       1.203500       1.223500
   143   6.3685714839e-06   3.0547455602e-02   6.3190003659e-06   3.4624516415e-02       1.217700       1.250900
   144   5.5568197848e-06   2.4908592619e-02   5.5387881912e-06   2.8402575725e-02       1.435400       1.451300
   145   5.6682671322e-06   2.5682765710e-02   5.7007679854e-06   2.9694312390e-02       1.546300       1.596300
   146   5.6680950040e-06   2.5681570015e-02   5.7005892050e-06   2.9692886674e-02       1.546300       1.596300
   147   7.1352008363e-06   3.5872874546e-02   7.1581460708e-06   4.1316433018e-02       1.937100       1.958200
   148   6.0074125822e-06   2.8038652030e-02   6.9618544651e-06   3.9751070713e-02       2.195400       2.202700
   149   6.9417215735e-06   3.4528863743e-02   6.9627999560e-06   3.9758610698e-02       2.196800       2.202700
   150   6.9325748130e-06   3.4465325436e-02   5.7951917159e-06   3.0447311215e-02       2.196900       2.211900
   151   6.9397994544e-06   3.4515511672e-02   6.9134736997e-06   3.9365249698e-02       2.241400       2.244200
   152   6.0227556854e-06   2.8145233460e-02   5.9708875044e-06   3.1848428514e-02       2.242900       2.246800
   153   6.0265296568e-06   2.8171449491e-02   5.9726364386e-06   3.1862375701e-02       2.242900       2.246800
   154   7.5051036869e-06   3.8442418279e-02   7.5131884582e-06   4.4147781655e-02       2.249600       2.259800
   155   5.3276031329e-06   2.3316330731e-02   5.3276650634e-06   2.6718936810e-02       2.271100       2.276900
   156   5.3282052910e-06   2.3320513644e-02   5.3281679489e-06   2.6722947160e-02       2.271100       2.276900
   157   6.9650745669e-06   3.4691086169e-02   7.2279820846e-06   4.1873352726e-02       2.396300       2.455800
   158   6.9654767948e-06   3.4693880260e-02   7.2283430307e-06   4.1876231155e-02       2.396400       2.455800
   159   7.5086983111e-06   3.8467388468e-02   7.4763211299e-06   4.3853776591e-02       3.360200       3.427200
   160   8.2053931065e-06   4.3307004445e-02   8.1702053947e-06   4.9387280016e-02       3.721700       3.727400
   161   8.2037947981e-06   4.3295901737e-02   8.1689805969e-06   4.9377512648e-02       3.721800       3.727500
   162   4.9097652477e-06   2.0413804519e-02   4.8492253432e-06   2.2903534206e-02       3.733300       3.743700
   163   6.6952150587e-06   3.2816497187e-02   6.8029961068e-06   3.8484226494e-02       3.791500       3.793200
   164   4.5325286306e-06   1.7793316508e-02   7.1282208981e-06   4.1077789409e-02       3.798200       3.804400
   165   6.7619539389e-06   3.3280101269e-02   7.1243354686e-06   4.1046804360e-02       3.800800       3.804400
   166   6.7619721430e-06   3.3280227724e-02   4.5933563625e-06   2.0863061532e-02       3.800800       3.806800
   167   6.1085247313e-06   2.8741031286e-02   5.7092778811e-06   2.9762176066e-02       3.806400       3.809900
   168   6.1057674713e-06   2.8721877879e-02   5.7057217802e-06   2.9733817308e-02       3.806400       3.809900
   169   5.9336876174e-06   2.7526518855e-02   5.5277997032e-06   2.8314946074e-02       3.806600       3.813800
   170   6.2239306051e-06   2.9542702426e-02   6.2276740250e-06   3.3896218274e-02       3.813800       3.816600
   171   5.6190056574e-06   2.5340569066e-02   5.7941689531e-06   3.0439155012e-02       3.824800       3.829800
   172   5.6213689051e-06   2.5356985454e-02   5.7898934103e-06   3.0405058935e-02       3.824900       3.829900
   173   4.5634002984e-06   1.8007767682e-02   4.3726499171e-06   1.9102998747e-02       3.825200       3.832900
   174   6.9147453633e-06   3.4341472508e-02   6.9793450233e-06   3.9890552279e-02       3.844400       3.855200
   175   6.9148834463e-06   3.4342431707e-02   6.9792100289e-06   3.9889475741e-02       3.844400       3.855200
   176   7.9362706820e-06   4.1437535642e-02   7.9646399787e-06   4.7747962062e-02       3.965500       3.980300
   177   7.9347112856e-06   4.1426703237e-02   7.9626648277e-06   4.7732210869e-02       3.965500       3.980300
   178   7.7384188218e-06   4.0063150430e-02   7.6299512051e-06   4.5078926938e-02       3.972400       3.983800
   179   6.3824453395e-06   3.0643830849e-02   6.3380968443e-06   3.4776804677e-02       3.996200       4.015800
   180   8.4159537184e-06   4.4769671466e-02   8.3754452516e-06   5.1024001742e-02       4.355700       4.362000
   181   8.4158432795e-06   4.4768904298e-02   8.3753263279e-06   5.1023053364e-02       4.355700       4.362000
   182   6.5116970238e-06   3.1541682419e-02   6.5051195077e-06   3.6108756598e-02       4.377600       4.397800
   183   8.2218736023e-06   4.3421486813e-02   8.2605098412e-06   5.0107428879e-02       4.450500       4.451400
   184   7.8192146821e-06   4.0624401840e-02   7.9905370831e-06   4.7954483125e-02       4.455000       4.458600
   185   7.9039114590e-06   4.1212751111e-02   7.9002476629e-06   4.7234454093e-02       4.457300       4.459600
   186   7.9101629167e-06   4.1256177091e-02   7.9167676565e-06   4.7366195719e-02       4.457300       4.459600
   187   6.9585687235e-06   3.4645893089e-02   6.7344238022e-06   3.7937384460e-02       4.460900       4.467100
   188   6.9702199279e-06   3.4726828608e-02   6.7432670407e-06   3.8007906437e-02       4.460900       4.467200
   189   7.4843058515e-06   3.8297945352e-02   7.1572439999e-06   4.1309239294e-02       4.471200       4.475100
   190   7.4809126531e-06   3.8274374375e-02   7.1680449802e-06   4.1395373631e-02       4.471200       4.475100
   191   7.7070069678e-06   3.9844946833e-02   7.6885034318e-06   4.5545862079e-02       4.472600       4.476100
   192   7.8455228176e-06   4.0807152269e-02   7.9301459958e-06   4.7472883663e-02       4.482500       4.488000
   193   7.8489663193e-06   4.0831072680e-02   7.9331844823e-06   4.7497114614e-02       4.482500       4.488000
   194   8.0097066747e-06   4.1947661461e-02   7.7180403470e-06   4.5781409459e-02       4.486900       4.500000
   195   7.6123168971e-06   3.9187178780e-02   8.2351790185e-06   4.9905423730e-02       4.492700       4.500000
   196   7.6119002617e-06   3.9184284607e-02   7.7501927361e-06   4.6037814403e-02       4.492800       4.500000
   197   8.5404710967e-06   4.5634636006e-02   8.6405578658e-06   5.3138189414e-02       4.508000       4.518900
   198   7.4687970395e-06   3.8190212820e-02   8.1149755112e-06   4.8946839492e-02       4.516000       4.528000
   199   7.4670684132e-06   3.8178204854e-02   7.3707699016e-06   4.3012039556e-02       4.516100       4.528500
   200   8.1212275408e-06   4.2722345252e-02   7.3812676192e-06   4.3095755472e-02       4.517400       4.528600
   201   9.4674246825e-06   5.2073753125e-02   9.6523258607e-06   6.1206713158e-02       4.715500       4.773500
   202   9.4678062089e-06   5.2076403411e-02   9.6526394001e-06   6.1209213533e-02       4.715600       4.773600
   203   8.0612530560e-06   4.2305730291e-02   8.0500091487e-06   4.8428753685e-02       5.254900       5.259400
   204   8.0611268866e-06   4.2304853851e-02   8.0497543796e-06   4.8426721983e-02       5.254900       5.259400
   205   5.4403312408e-06   2.4099400671e-02   5.4872044202e-06   2.7991211773e-02       5.264300       5.278200
   206   5.7068138861e-06   2.5950532151e-02   5.8350955513e-06   3.0765531445e-02       5.316800       5.318100
   207   5.8663462674e-06   2.7058729695e-02   5.8506157867e-06   3.0889300321e-02       5.316800       5.318100
   208   5.0969184028e-06   2.1713870783e-02   5.0916461442e-06   2.4836761980e-02       5.317000       5.320300
   209   5.7370802367e-06   2.6160778467e-02   5.7481452654e-06   3.0072130932e-02       5.320000       5.321400
   210   5.7141203407e-06   2.6001286706e-02   5.6901563449e-06   2.9609687976e-02       5.327400       5.330000
   211   5.7119276376e-06   2.5986055014e-02   5.6879067268e-06   2.9591747997e-02       5.327400       5.330000
   212   5.6147998084e-06   2.5311352982e-02   5.5823439353e-06   2.8749918749e-02       5.338900       5.343000
   213   5.6156359147e-06   2.5317161025e-02   5.5829985523e-06   2.8755139109e-02       5.338900       5.343000
   214   5.8309621648e-06   2.6812932728e-02   5.8609778767e-06   3.0971934649e-02       5.345000       5.347300
   215   5.1249782510e-06   2.1908789549e-02   5.1108713533e-06   2.4990076828e-02       5.357600       5.360900
   216   5.1249942038e-06   2.1908900366e-02   5.1108730430e-06   2.4990090303e-02       5.357600       5.360900
   217   5.0582331713e-06   2.1445142402e-02   5.0453684663e-06   2.4467712411e-02       5.410900       5.417500
   218   5.0585099749e-06   2.1447065229e-02   5.0449790199e-06   2.4464606701e-02       5.410900       5.417600
   219   4.7817298556e-06   1.9524401967e-02   4.9673371323e-06   2.3845437665e-02       5.413400       5.423600
   220   5.3290601775e-06   2.3326452145e-02   5.3982772036e-06   2.7282045875e-02       5.425800       5.433400
   221   4.9446410604e-06   2.0656070633e-02   5.1268400843e-06   2.5117422312e-02       5.431800       5.439200
   222   5.0044528267e-06   2.1071555264e-02   4.9698484686e-06   2.3865464763e-02       5.464600       5.477900
   223   5.0054178102e-06   2.1078258557e-02   4.9706750019e-06   2.3872056100e-02       5.464600       5.477900
   224   5.8498792957e-06   2.6944341272e-02   5.8692869124e-06   3.1038196532e-02       5.528400       5.531200
   225   5.3645087876e-06   2.3572697216e-02   5.4369897964e-06   2.7590766328e-02       5.543800       5.553900
   226   5.3647743243e-06   2.3574541777e-02   5.4370754913e-06   2.7591449717e-02       5.543800       5.553900
   227   1.1764700929e-05   6.8031866921e-02   1.1377495532e-05   7.4964385394e-02       5.608800       5.644200
   228   6.2764885068e-06   2.9907797820e-02   6.2035594590e-06   3.3703912380e-02       5.745100       5.750500
   229   6.2760750161e-06   2.9904925492e-02   6.2032033237e-06   3.3701072316e-02       5.745100       5.750500
   230   8.8687496475e-06   4.7915035013e-02   8.8483106857e-06   5.4794951210e-02       5.826300       5.838100
   231   5.5336810557e-06   2.4747858588e-02   5.5440965059e-06   2.8444907824e-02       5.841700       5.843600
   232   5.5333305994e-06   2.4745424131e-02   5.5439453772e-06   2.8443702622e-02       5.841700       5.843600
   233   5.8715558938e-06   2.7094918557e-02   5.8008235829e-06   3.0492223539e-02       5.853800       5.858900
   234   5.4500577168e-06   2.4166965994e-02   5.4496271994e-06   2.7691545545e-02       5.857200       5.860700
   235   5.4493259029e-06   2.4161882422e-02   5.4484771636e-06   2.7682374380e-02       5.857200       5.860700
   236   5.9629753309e-06   2.7729967033e-02   5.8954596026e-06   3.1246915303e-02       5.863100       5.868200
   237   5.7683256274e-06   2.6377825721e-02   5.7552324067e-06   3.0128648600e-02       5.864800       5.872600
   238   5.7681702137e-06   2.6376746134e-02   5.7549176235e-06   3.0126138306e-02       5.864800       5.872600
   239   6.0327921123e-06   2.8214951868e-02   5.8779267260e-06   3.1107096262e-02       5.871800       5.878900
   240   5.6530744562e-06   2.5577229228e-02   5.6737995530e-06   2.9479247831e-02       5.882200       5.890100
   241   5.6011320738e-06   2.5216409562e-02   5.5475843421e-06   2.8472722194e-02       5.888900       5.893600
   242   5.6013312449e-06   2.5217793111e-02   5.5478538554e-06   2.8474871476e-02       5.888900       5.893600
   243   5.4959095464e-06   2.4485477412e-02   6.4839919796e-06   3.5940271370e-02       5.908000       5.918800
   244   5.4957409965e-06   2.4484306574e-02   5.4913433937e-06   2.8024218753e-02       5.908000       5.921100
   245   6.2337875077e-06   2.9611173762e-02   5.4909367565e-06   2.8020975952e-02       5.909200       5.921100
   246   5.3872446941e-06   2.3730633025e-02   5.3798798884e-06   2.7135333214e-02       5.918500       5.923500
   247   5.9754898428e-06   2.7816899549e-02   6.0335573728e-06   3.2348200522e-02       5.934700       5.946400
   248   5.9729968060e-06   2.7799581578e-02   6.0329600301e-06   3.2343436906e-02       5.934800       5.946400
   249   6.4532970000e-06   3.1136004510e-02   6.5968537431e-06   3.6840307567e-02       5.940600       5.962400
   250   5.9533228329e-06   2.7662915601e-02   5.9448442848e-06   3.1640742231e-02       5.966200       5.982400
   251   5.9533501790e-06   2.7663105561e-02   5.9448648140e-06   3.1640905944e-02       5.966200       5.982400
   252   5.7833846118e-06   2.6482433508e-02   6.4255244950e-06   3.5474012020e-02       6.008000       6.021600
   253   5.7835532417e-06   2.6483604902e-02   6.4252926308e-06   3.5472162977e-02       6.008000       6.021600
   254   6.9444628982e-06   3.4547906455e-02   6.9189860802e-06   3.9409209157e-02       6.299600       6.322400
   255   6.7844108220e-06   3.3436098832e-02   6.7081893333e-06   3.7728173024e-02       6.338400       6.381400
   256   6.7846685338e-06   3.3437889036e-02   6.7084258926e-06   3.7730059508e-02       6.338400       6.381500
   257   5.8215426427e-06   2.6747499671e-02   5.8357067909e-06   3.0770405883e-02       6.848900       6.855500
   258   5.8220574264e-06   2.6751075635e-02   5.8361919695e-06   3.0774275027e-02       6.848900       6.855600
   259   4.9404491309e-06   2.0626951241e-02   4.9394391868e-06   2.3622960540e-02       6.907400       6.916900
   260   5.3924803016e-06   2.3767002365e-02   5.3670875837e-06   2.7033318707e-02       6.927900       6.936300
   261   5.3983580906e-06   2.3807832642e-02   5.4428121937e-06   2.7637198071e-02       6.938200       6.955200
   262   5.3951543628e-06   2.3785577829e-02   5.4411371226e-06   2.7623839919e-02       6.938200       6.955200
   263   5.4944580131e-06   2.4475394283e-02   5.5092291347e-06   2.8166851774e-02       7.037700       7.112200
   264   7.5623611299e-06   3.8840159209e-02   7.4363280330e-06   4.3534844530e-02       7.376700       7.388500
   265   7.5622419359e-06   3.8839331224e-02   7.4363684341e-06   4.3535166716e-02       7.376700       7.388600
   266   6.1990735943e-06   2.9370032288e-02   5.8575349861e-06   3.0944478707e-02       7.452200       7.459700
   267   5.8605151715e-06   2.7018223773e-02   5.8522318005e-06   3.0902187510e-02       7.456900       7.459700
   268   5.8621460787e-06   2.7029552930e-02   6.1971310255e-06   3.3652647695e-02       7.456900       7.461100
   269   6.5062352891e-06   3.1503742279e-02   6.5259768004e-06   3.6275086787e-02       7.471100       7.476100
   270   5.8202024708e-06   2.6738190118e-02   5.8159418470e-06   3.0612786825e-02       7.472500       7.480400
   271   5.8250550486e-06   2.6771898728e-02   5.8184225358e-06   3.0632569518e-02       7.472500       7.480400
   272   5.4308440736e-06   2.4033497716e-02   5.4632794281e-06   2.7800417670e-02       7.499000       7.513800
   273   5.7264757920e-06   2.6087114302e-02   5.7274288119e-06   2.9906923891e-02       7.553400       7.568500
   274   5.7268656971e-06   2.6089822793e-02   5.7277695259e-06   2.9909640975e-02       7.553500       7.568500
   275   7.8654301302e-06   4.0945439147e-02   7.8464520348e-06   4.6805451292e-02       7.723900       7.728400
   276   7.8657162096e-06   4.0947426408e-02   7.8466922864e-06   4.6807367222e-02       7.723900       7.728400
   277   5.9093286266e-06   2.7357308232e-02   5.4839624855e-06   2.7965358388e-02       7.837100       7.849700
   278   6.2272370525e-06   2.9565670784e-02   5.8887436826e-06   3.1193358005e-02       7.862600       7.871100
   279   5.6599633422e-06   2.5625083127e-02   5.9638406003e-06   3.1792231725e-02       7.865800       7.871100
   280   5.9696801022e-06   2.7776541973e-02   5.6608432388e-06   2.9375925400e-02       7.867600       7.871200
   281   5.9617055941e-06   2.7721146759e-02   6.0460793638e-06   3.2448059365e-02       7.867600       7.884700
   282   6.0435711303e-06   2.8289828713e-02   6.0489894845e-06   3.2471266639e-02       7.872300       7.884800
   283   6.0437622155e-06   2.8291156093e-02   7.8393341810e-06   4.6748688702e-02       7.872400       7.886800
   284   5.6000494646e-06   2.5208889177e-02   5.6183058051e-06   2.9036703073e-02       7.900500       7.910400
   285   6.7656829347e-06   3.3306004875e-02   6.8191743638e-06   3.8613242880e-02       7.928300       7.938200
   286   6.7654195158e-06   3.3304175026e-02   6.8188368630e-06   3.8610551420e-02       7.928400       7.938300
   287   6.3117133546e-06   3.0152488519e-02   6.7318827736e-06   3.7917120575e-02       7.933600       7.947200
   288   9.1984676898e-06   5.0205433499e-02   8.9210924687e-06   5.5375362478e-02       8.072500       8.082000
   289   9.1990804664e-06   5.0209690175e-02   8.9219702159e-06   5.5382362229e-02       8.072500       8.082000
   290   7.1599776443e-06   3.6044987552e-02   7.1334538292e-06   4.1119520348e-02       8.094400       8.097100
   291   1.0371341106e-05   5.8352841750e-02   1.0358850839e-05   6.6841022198e-02       8.118800       8.121500
   292   8.9246882598e-06   4.8303614637e-02   8.8824064719e-06   5.5066854119e-02       8.122800       8.125000
   293   8.8893554926e-06   4.8058174272e-02   8.8444652163e-06   5.4764284831e-02       8.122800       8.125100
   294   7.3191419093e-06   3.7150627963e-02   8.0852946657e-06   4.8710144313e-02       8.138100       8.140600
   295   1.0268897158e-05   5.7641211101e-02   1.0022211380e-05   6.4156430988e-02       8.141500       8.143200
   296   1.0099020050e-05   5.6461153532e-02   9.8964831251e-06   6.3153788668e-02       8.141500       8.143200
   297   6.8433295305e-06   3.3845379804e-02   6.7858199632e-06   3.8347252283e-02       8.143300       8.146300
   298   6.8560286025e-06   3.3933594373e-02   6.7831540059e-06   3.8325992132e-02       8.143300       8.146300
   299   7.8376271892e-06   4.0752304997e-02   7.9131475252e-06   4.7337326338e-02       8.151100       8.153500
   300   8.2836255170e-06   4.3850448756e-02   8.2566566673e-06   5.0076701059e-02       8.152300       8.157400
   301   9.0800535187e-06   4.9382865112e-02   8.8201175037e-06   5.4570119668e-02       8.157700       8.160500
   302   9.0940989014e-06   4.9480431879e-02   8.8349650972e-06   5.4688524442e-02       8.157700       8.160500
   303   7.7178468895e-06   3.9920246747e-02   7.7773179560e-06   4.6254129290e-02       8.188000       8.194000
   304   7.7120557232e-06   3.9880018197e-02   7.7705064238e-06   4.6199809516e-02       8.188000       8.194000
   305   7.0703360823e-06   3.5422289150e-02   8.0259975321e-06   4.8237268779e-02       8.200600       8.208700
   306   7.0703824712e-06   3.5422611393e-02   8.0138583151e-06   4.8140462436e-02       8.200700       8.208700
   307   6.5459526788e-06   3.1779640585e-02   6.5821140356e-06   3.6722763149e-02       8.204100       8.209400
   308   6.7598819715e-06   3.3265708271e-02   7.0133183203e-06   4.0161478376e-02       8.210000       8.219900
   309   6.7586948294e-06   3.3257461745e-02   7.0120023831e-06   4.0150984200e-02       8.210000       8.219900
   310   8.7477353197e-06   4.7074404542e-02   8.9586387197e-06   5.5674781731e-02       8.215500       8.220400
   311   8.4681021776e-06   4.5131922653e-02   8.6841587136e-06   5.3485892126e-02       8.269100       8.274700
   312   8.4690979472e-06   4.5138839802e-02   8.6853279993e-06   5.3495216803e-02       8.269200       8.274800
   313   6.8389356783e-06   3.3814857748e-02   7.0817030626e-06   4.0706824659e-02       8.294700       8.302200
   314   6.6821805141e-06   3.2725952245e-02   6.9166311296e-06   3.9390429184e-02       8.321700       8.330800
   315   6.9231286622e-06   3.4399707402e-02   6.5771080770e-06   3.6682842243e-02       8.329700       8.334800
   316   6.5687534725e-06   3.1938027135e-02   6.6583044289e-06   3.7330356985e-02       8.333200       8.335200
   317   6.5723567664e-06   3.1963057549e-02   6.7548171305e-06   3.8100014682e-02       8.333200       8.335200
   318   6.3797543573e-06   3.0625137842e-02   6.2878871708e-06   3.4376398709e-02       8.335800       8.338800
   319   7.3261076462e-06   3.7199015711e-02   6.6616193229e-06   3.7356792197e-02       8.339900       8.342100
   320   7.3286393449e-06   3.7216602248e-02   6.6664606567e-06   3.7395400274e-02       8.339900       8.342200
   321   6.9014759347e-06   3.4249295935e-02   7.3169107014e-06   4.2582529790e-02       8.340100       8.343500
   322   6.8951989516e-06   3.4205692642e-02   7.3166124308e-06   4.2580151177e-02       8.340100       8.343600
   323   8.7671907472e-06   4.7209552382e-02   6.8206997863e-06   3.8625407633e-02       8.350200       8.354100
   324   6.8015703901e-06   3.3555298402e-02   8.6594729831e-06   5.3289031380e-02       8.350400       8.354100
   325   7.0589370813e-06   3.5343105572e-02   8.9430622163e-06   5.5550564136e-02       8.355500       8.359700
   326   7.0679216065e-06   3.5405516906e-02   8.9321349631e-06   5.5463422812e-02       8.355500       8.359700
   327   6.4532500844e-06   3.1135678609e-02   6.0380577522e-06   3.2384089597e-02       8.360100       8.364500
   328   6.4568170124e-06   3.1160456405e-02   6.0509970952e-06   3.2487276689e-02       8.360200       8.364600
   329   6.6087142049e-06   3.2215615830e-02   6.0818140697e-06   3.2733032130e-02       8.360900       8.364600
   330   7.1557965333e-06   3.6015943311e-02   6.4203414073e-06   3.5432678566e-02       8.364100       8.369400
   331   7.1562346361e-06   3.6018986608e-02   6.4154328365e-06   3.5393534295e-02       8.364100       8.369400
   332   6.3629812116e-06   3.0508622570e-02   6.9722808090e-06   3.9834217446e-02       8.374700       8.380600
   333   6.7663876623e-06   3.3310900291e-02   6.9739871036e-06   3.9847824595e-02       8.375000       8.380600
   334   6.7610325485e-06   3.3273700797e-02   6.3487549557e-06   3.4861799681e-02       8.375000       8.381300
   335   7.6207157524e-06   3.9245521737e-02   7.7095004035e-06   4.5713306162e-02       8.381300       8.397600
   336   6.6019544026e-06   3.2168658615e-02   6.6909181243e-06   3.7590440697e-02       8.388600       8.399800
   337   6.6013286869e-06   3.2164312058e-02   6.6870762689e-06   3.7559803138e-02       8.388600       8.399900
   338   7.6242204723e-06   3.9269867403e-02   8.0517143294e-06   4.8442351952e-02       8.393000       8.400600
   339   7.1320661704e-06   3.5851099474e-02   6.9951619125e-06   4.0016686874e-02       8.412500       8.422000
   340   7.1340061027e-06   3.5864575285e-02   6.9976794783e-06   4.0036763650e-02       8.412600       8.422000
   341   9.2324663579e-06   5.0441606496e-02   9.0331935275e-06   5.6269332300e-02       8.423900       8.430800
   342   6.6877672868e-06   3.2764760966e-02   7.1384459392e-06   4.1159330817e-02       8.430700       8.439800
   343   6.6944458172e-06   3.2811153622e-02   7.1481123745e-06   4.1236417523e-02       8.430700       8.439800
   344   7.0948654510e-06   3.5592683311e-02   6.9977414560e-06   4.0037257901e-02       8.448700       8.454600
   345   7.0962331818e-06   3.5602184303e-02   6.9997160147e-06   4.0053004371e-02       8.448700       8.454600
   346   7.1809674117e-06   3.6190793742e-02   7.3876795698e-06   4.3146888712e-02       8.481200       8.493600
   347   7.1382870750e-06   3.5894313216e-02   7.3872917270e-06   4.3143795790e-02       8.481200       8.493600
   348   8.1311972624e-06   4.2791600289e-02   8.4283045938e-06   5.1445537964e-02       8.481200       8.505100
   349   8.1586373788e-06   4.2982214065e-02   8.5987923405e-06   5.2805122808e-02       8.503600       8.522200
   350   6.8854632188e-06   3.4138063016e-02   8.0718337288e-06   4.8602797679e-02       8.533600       8.545200
   351   6.8885931254e-06   3.4159805027e-02   6.9405970343e-06   3.9581549552e-02       8.533600       8.555400
   352   7.5090370705e-06   3.8469741672e-02   6.9420276902e-06   3.9592958572e-02       8.539200       8.555400
   353   6.0527338151e-06   2.8353477639e-02   6.4308766762e-06   3.5516693940e-02       8.549800       8.563300
   354   9.3497197649e-06   5.1256111592e-02   9.4493099900e-06   5.9587727005e-02       8.636300       8.676700
   355   9.3508773832e-06   5.1264153030e-02   9.4501476818e-06   5.9594407328e-02       8.636300       8.676700
   356   8.2391488038e-06   4.3541489635e-02   8.1506998007e-06   4.9231729189e-02       8.911900       8.923600
   357   8.4315753619e-06   4.4878187786e-02   8.4027065150e-06   5.1241401534e-02       8.918700       8.937200
   358   8.4323099460e-06   4.4883290601e-02   8.4024584191e-06   5.1239423049e-02       8.918700       8.937200
   359   7.5856678258e-06   3.9002060028e-02   7.5990287493e-06   4.4832330316e-02       9.093400       9.099100
   360   7.5849212974e-06   3.8996874241e-02   7.5983416606e-06   4.4826851005e-02       9.093500       9.099200
   361   7.1283209195e-06   3.5825082951e-02   7.1100071774e-06   4.0932540855e-02       9.156900       9.159400
   362   7.1451879028e-06   3.5942250070e-02   7.1210012327e-06   4.1020214904e-02       9.156900       9.159400
   363   6.2623990403e-06   2.9809924824e-02   6.2027858530e-06   3.3697743122e-02       9.157300       9.160200
   364   7.7688986504e-06   4.0274879678e-02   7.7126589382e-06   4.5738494459e-02       9.164900       9.167000
   365   7.3676556333e-06   3.7487630328e-02   7.4297132334e-06   4.3482093635e-02       9.192900       9.199000
   366   7.2575080043e-06   3.6722485779e-02   7.4284031606e-06   4.3471646226e-02       9.194900       9.199000
   367   7.2504305657e-06   3.6673322092e-02   7.4148302971e-06   4.3363407013e-02       9.194900       9.200200
   368   7.7533579025e-06   4.0166925303e-02   7.8329215390e-06   4.6697549948e-02       9.198200       9.207300
   369   7.7346392288e-06   4.0036895349e-02   7.5284813670e-06   4.4269737674e-02       9.215300       9.222300
   370   7.7341487898e-06   4.0033488496e-02   7.5272071893e-06   4.4259576518e-02       9.215300       9.222300
   371   8.0001735244e-06   4.1881439082e-02   8.2129682552e-06   4.9728300050e-02       9.224300       9.233600
   372   7.9894857842e-06   4.1807196303e-02   7.9177695779e-06   4.7374185718e-02       9.224300       9.239000
   373   8.1543975414e-06   4.2952761879e-02   7.9236384151e-06   4.7420987804e-02       9.226100       9.239100
   374   7.1790366915e-06   3.6177381924e-02   7.1532321867e-06   4.1277246376e-02       9.232500       9.251800
   375   7.1751804779e-06   3.6150594594e-02   7.1520217590e-06   4.1267593605e-02       9.232500       9.251900
   376   8.5298615314e-06   4.5560936271e-02   8.2387009978e-06   4.9933510380e-02       9.254500       9.260200
   377   9.7239975415e-06   5.3856045910e-02   1.0664868834e-05   6.9281417100e-02       9.294000       9.322500
   378   9.7265023728e-06   5.3873445813e-02   1.0667031161e-05   6.9298660964e-02       9.294000       9.322500
   379   9.5471441372e-06   5.2627527243e-02   9.9713500304e-06   6.3750828114e-02       9.357600       9.394100
   380   1.2811696483e-05   7.5304859974e-02   1.3464895019e-05   9.1610723690e-02      10.024400      10.041300
   381   8.7789419939e-06   4.7291182849e-02   8.8677671227e-06   5.4950110026e-02      10.136400      10.205100
   382   8.7786530121e-06   4.7289175427e-02   8.8672417773e-06   5.4945920566e-02      10.136500      10.205300
   383   8.6631933217e-06   4.6487130448e-02   8.2103567638e-06   4.9707474248e-02      10.461200      10.537400
   384   8.4614033844e-06   4.5085389240e-02   8.2068735332e-06   4.9679696606e-02      10.524600      10.537500
   385   8.4612174302e-06   4.5084097502e-02   6.8480413073e-06   3.8843447453e-02      10.524600      10.577500
   386   6.8251292754e-06   3.3718951063e-02   6.8480404267e-06   3.8843440430e-02      10.575400      10.577600
   387   6.8248957125e-06   3.3717328610e-02   6.4227783602e-06   3.5452112480e-02      10.575500      10.583000
   388   6.4145502773e-06   3.0866848978e-02   8.5170904148e-06   5.2153576277e-02      10.576900      10.587600
   389   6.4031104986e-06   3.0787382135e-02   6.4064501178e-06   3.5321900008e-02      10.595400      10.598500
   390   6.4511128410e-06   3.1120832169e-02   6.3103487304e-06   3.4555522409e-02      10.599200      10.613700
   391   6.4525558325e-06   3.1130855962e-02   6.3129994158e-06   3.4576660771e-02      10.599200      10.613700
   392   5.5239550866e-06   2.4680296786e-02   6.0906733483e-06   3.2803682022e-02      10.602300      10.631400
   393   7.8925804023e-06   4.1134039509e-02   7.9739261177e-06   4.7822016028e-02      10.671100      10.676400
   394   7.9034990952e-06   4.1209886610e-02   7.9812741881e-06   4.7880614522e-02      10.671100      10.676500
   395   7.4854449998e-06   3.8305858487e-02   7.8011551536e-06   4.6444223261e-02      10.681000      10.689500
   396   7.7287808747e-06   3.9996200077e-02   7.6134846733e-06   4.4947611652e-02      10.770500      10.775000
   397   7.7255212290e-06   3.9973556828e-02   7.6106968237e-06   4.4925379450e-02      10.770600      10.775100
   398   9.4522944304e-06   5.1968650273e-02   9.2379316213e-06   5.7902052626e-02      10.828200      10.835200
   399   8.7734324691e-06   4.7252910733e-02   8.7014481167e-06   5.3623769545e-02      10.832600      10.836600
   400   8.7799933603e-06   4.7298486205e-02   8.7180596212e-06   5.3756240941e-02      10.832700      10.836600
   401   7.2423079789e-06   3.6616898245e-02   7.7717649919e-06   4.6209846191e-02      10.838400      10.844400
   402   7.2286699217e-06   3.6522160980e-02   7.7673983863e-06   4.6175023918e-02      10.838500      10.844400
   403   6.9620393669e-06   3.4670002041e-02   7.2667949962e-06   4.2182873189e-02      10.843600      10.856800
   404   6.9580424917e-06   3.4642237600e-02   7.2622714214e-06   4.2146799138e-02      10.843600      10.856900
   405   7.3244684932e-06   3.7187629274e-02   7.3175983155e-06   4.2588013290e-02      10.853100      10.858500
   406   7.3933527022e-06   3.7666135961e-02   7.5755973772e-06   4.4645472674e-02      10.870100      10.883400
   407   7.3988771754e-06   3.7704511916e-02   7.5794829403e-06   4.4676458788e-02      10.870200      10.883400
   408   7.5176560639e-06   3.8529613827e-02   7.8150903012e-06   4.6555351572e-02      10.896700      10.909100
   409   7.2440555219e-06   3.6629037616e-02   7.9933763935e-06   4.7977125711e-02      10.898600      10.913500
   410   7.2558219689e-06   3.6710773672e-02   8.0080204049e-06   4.8093906983e-02      10.898700      10.913500
   411   7.5407812251e-06   3.8690253608e-02   7.6425487708e-06   4.5179388465e-02      10.904200      10.924400
   412   7.6614419592e-06   3.9528427828e-02   7.8790024543e-06   4.7065030399e-02      10.928900      10.936300
   413   7.6659992030e-06   3.9560084889e-02   7.8839855938e-06   4.7104769331e-02      10.928900      10.936400
   414   1.2849957054e-05   7.5570638437e-02   1.2917649180e-05   8.7246614460e-02      11.498000      11.510800
   415   1.0068031582e-05   5.6245891003e-02   9.4975987379e-06   5.9972814210e-02      11.518700      11.548000
   416   1.0073057608e-05   5.6280804478e-02   9.5002027400e-06   5.9993580288e-02      11.518800      11.548000
   417   7.4451609969e-06   3.8026024182e-02   7.4614760617e-06   4.3735391956e-02      11.743400      11.751000
   418   7.4446222798e-06   3.8022281964e-02   7.4609256115e-06   4.3731002293e-02      11.743500      11.751100
   419   7.5697536063e-06   3.8891511318e-02   7.5686405194e-06   4.4589993975e-02      11.755300      11.757300
   420   7.5691585137e-06   3.8887377485e-02   7.5504770812e-06   4.4445146408e-02      11.779500      11.784400
   421   7.4964885453e-06   3.8382572881e-02   7.5027737528e-06   4.4064727735e-02      11.780800      11.785800
   422   7.4971922868e-06   3.8387461448e-02   7.5022828231e-06   4.4060812729e-02      11.780800      11.785900
   423   7.8613336949e-06   4.0916983109e-02   7.9285041672e-06   4.7459790609e-02      11.805000      11.819100
   424   7.9310972781e-06   4.1401598401e-02   8.0940073195e-06   4.8779624920e-02      11.843700      11.861200
   425   7.9489626833e-06   4.1525701094e-02   8.0942907951e-06   4.8781885546e-02      11.843700      11.861200
   426   3.7986990804e-05   2.5018596632e-01   8.0584869257e-05   6.2687089056e-01      11.844600      12.167100
   427   8.2767072480e-06   4.3802390747e-02   6.1030082965e-06   3.2902049259e-02      12.922000      13.030100
   428   5.8560551948e-06   2.6987242382e-02   5.6891664243e-06   2.9601793679e-02      13.009300      13.047100
   429   5.8577509776e-06   2.6999022199e-02   5.6972034480e-06   2.9665886352e-02      13.009500      13.047300
   430   9.9917771922e-05   6.8039041123e-01   7.9179336784e-05   6.1566222198e-01      13.879100      14.391000
   431   1.4592769051e-04   1.0000000000e+00   1.2737410889e-04   1.0000000000e+00      15.028600      16.239600
   432   1.4592703424e-04   9.9999544123e-01   1.2737400738e-04   9.9999919047e-01      15.028800      16.239700
   433   3.8815687490e-06   1.3271399789e-02   3.8917264060e-06   1.5267788711e-02      17.301900      17.305900
   434   3.8816096612e-06   1.3271683988e-02   3.8917429297e-06   1.5267920482e-02      17.301900      17.305900
   435   4.1679837619e-06   1.5260992193e-02   4.1637306369e-06   1.7436934806e-02      17.318900      17.329500
   436   4.0783219717e-06   1.4638153275e-02   4.0944960529e-06   1.6884811308e-02      17.354400      17.365600
   437   4.0783217315e-06   1.4638151607e-02   4.0944488903e-06   1.6884435201e-02      17.354500      17.365600
   438   4.2550287209e-06   1.5865653197e-02   4.2833438926e-06   1.8390811978e-02      17.377900      17.387200
   439   4.8320933656e-06   1.9874253939e-02   4.8361480360e-06   2.2799246895e-02      17.872700      17.877800
   440   3.9264163815e-06   1.3582935516e-02   3.8503190034e-06   1.4937578018e-02      17.941700      17.949900
   441   3.9271505159e-06   1.3588035207e-02   3.8508337565e-06   1.4941683008e-02      17.941700      17.949900
   442   3.9257089353e-06   1.3578021215e-02   3.8915302774e-06   1.5266224648e-02      17.956200      17.962700
   443   3.9254434390e-06   1.3576176935e-02   3.8914234308e-06   1.5265372581e-02      17.956300      17.962700
   444   4.6118720707e-06   1.8344478628e-02   4.6752720303e-06   2.1516312587e-02      18.017600      18.026200
   445   4.1193890496e-06   1.4923427240e-02   4.1318803904e-06   1.7182939354e-02      18.083400      18.088400
   446   4.1192335338e-06   1.4922346944e-02   4.1317260136e-06   1.7181708248e-02      18.083400      18.088400
   447   4.7794464747e-06   1.9508540378e-02   4.8728360259e-06   2.3091821792e-02      18.137100      18.163200
   448   4.8180272589e-06   1.9776543212e-02   4.7315780475e-06   2.1965334932e-02      18.186100      18.203600
   449   4.8175157941e-06   1.9772990303e-02   4.7308771705e-06   2.1959745663e-02      18.186100      18.203600
   450   4.7361738310e-06   1.9207945370e-02   4.7782225635e-06   2.2337309917e-02      18.203000      18.212900
   451   4.5603697582e-06   1.7986715923e-02   4.6696483321e-06   2.1471465406e-02      18.810800      18.830200
   452   4.5618516178e-06   1.7997009716e-02   4.6727597438e-06   2.1496277913e-02      18.811000      18.830400
   453   4.4512134220e-06   1.7228457426e-02   4.4988530006e-06   2.0109427672e-02      18.833500      18.844000
   454   6.5779465114e-06   3.2001886917e-02   6.5304162510e-06   3.6310489975e-02      19.392100      19.400300
   455   4.7533536232e-06   1.9327285427e-02   4.7599691311e-06   2.2191744675e-02      19.474700      19.478000
   456   4.7532623270e-06   1.9326651234e-02   4.7598561929e-06   2.2190844030e-02      19.474700      19.478000
   457   4.9452130374e-06   2.0660043892e-02   4.9489959051e-06   2.3699172288e-02      19.488300      19.491100
   458   4.6560316373e-06   1.8651234679e-02   4.7347159117e-06   2.1990358388e-02      19.520700      19.530400
   459   4.6568393742e-06   1.8656845653e-02   4.7350912021e-06   2.1993351208e-02      19.520700      19.530500
   460   5.0323469570e-06   2.1265322864e-02   4.9428872256e-06   2.3650457538e-02      19.533800      19.539600
   461   5.0326333535e-06   2.1267312328e-02   4.9440185739e-06   2.3659479677e-02      19.533900      19.539600
   462   4.8435288907e-06   1.9953691234e-02   4.8631097140e-06   2.3014257589e-02      19.545800      19.549900
   463   5.1180572791e-06   2.1860712763e-02   5.1137907461e-06   2.5013358045e-02      19.550800      19.556100
   464   5.1226352353e-06   2.1892513705e-02   5.1172343166e-06   2.5040819410e-02      19.550800      19.556100
   465   5.1786652479e-06   2.2281728244e-02   5.1970363361e-06   2.5677214801e-02      19.590400      19.596800
   466   9.4630898940e-06   5.2043641357e-02   9.5676511041e-06   6.0531459258e-02      20.016700      20.021000
   467   6.1442269840e-06   2.8989038296e-02   6.1651542441e-06   3.3397643166e-02      20.189200      20.191900
   468   6.1445974984e-06   2.8991612088e-02   6.1658121948e-06   3.3402890112e-02      20.189200      20.191900
   469   5.8255745930e-06   2.6775507762e-02   5.8301589250e-06   3.0726163441e-02      20.218700      20.220500
   470   5.5731750482e-06   2.5022205057e-02   5.6387772097e-06   2.9199955929e-02      20.221800      20.224800
   471   5.5758461978e-06   2.5040760295e-02   5.6399763764e-06   2.9209518897e-02      20.221800      20.224800
   472   6.2239537814e-06   2.9542863421e-02   6.2232687306e-06   3.3861087470e-02      20.227800      20.230000
   473   5.5203456611e-06   2.4655223780e-02   5.2390111882e-06   2.6011950721e-02      20.228400      20.232200
   474   5.5088084216e-06   2.4575079922e-02   5.2327216324e-06   2.5961793541e-02      20.228400      20.232300
   475   5.0101604266e-06   2.1111203316e-02   5.1817657511e-06   2.5555436807e-02      20.235800      20.243700
   476   5.0072603114e-06   2.1091057559e-02   5.1809020658e-06   2.5548549195e-02      20.235800      20.243800
   477   6.0503956991e-06   2.8337235830e-02   6.0725743944e-06   3.2659348697e-02      20.249100      20.255500
   478   5.6003970234e-06   2.5211303507e-02   5.6046280651e-06   2.8927627504e-02      20.257500      20.263200
   479   5.5989816851e-06   2.5201471807e-02   5.5992657424e-06   2.8884864709e-02      20.257600      20.263300
   480   4.8711845243e-06   2.0145802108e-02   4.8606820790e-06   2.2994897983e-02      20.262700      20.265800
   481   5.0043842875e-06   2.1071079154e-02   5.7701265767e-06   3.0247424806e-02      20.287000      20.294400
   482   5.0423876529e-06   2.1335070927e-02   5.1907656269e-06   2.5627207916e-02      20.287100      20.296200
   483   5.7523849803e-06   2.6267093430e-02   5.1735755274e-06   2.5490122411e-02      20.287800      20.296300
   484   6.0012638513e-06   2.7995939645e-02   5.9697779985e-06   3.1839580563e-02      20.331400      20.338600
   485   6.0027498860e-06   2.8006262440e-02   5.9711483150e-06   3.1850508395e-02      20.331400      20.338700
   486   7.2062295114e-06   3.6366277846e-02   7.1353944374e-06   4.1134996074e-02      20.345100      20.352700
   487   6.5599877312e-06   3.1877135592e-02   6.5036082062e-06   3.6096704456e-02      20.371300      20.379400
   488   5.2566451857e-06   2.2823418745e-02   5.2376720768e-06   2.6001271739e-02      20.371500      20.379500
   489   5.2565779642e-06   2.2822951789e-02   5.2331820214e-06   2.5965464994e-02      20.371500      20.379500
   490   8.0544127741e-06   4.2258214022e-02   8.0142450731e-06   4.8143546706e-02      20.646400      20.651000
   491   7.2687417993e-06   3.6800521749e-02   7.2734049030e-06   4.2235585066e-02      20.673900      20.679600
   492   7.2688650905e-06   3.6801378195e-02   7.2734189018e-06   4.2235696702e-02      20.673900      20.679600
   493   7.1846651697e-06   3.6216480354e-02   7.2987155595e-06   4.2437429396e-02      20.710500      20.712400
   494   7.7137981967e-06   3.9892122354e-02   7.7477308006e-06   4.6018181260e-02      20.714400      20.716400
   495   7.0887112360e-06   3.5549932830e-02   7.1129186587e-06   4.0955758980e-02      20.729100      20.731200
   496   7.0817197180e-06   3.5501365994e-02   7.1064145269e-06   4.0903890625e-02      20.729100      20.731200
   497   8.0025502662e-06   4.1897949207e-02   8.0118527673e-06   4.8124468838e-02      20.735100      20.738200
   498   6.5518977578e-06   3.1820938294e-02   6.5725472305e-06   3.6646470961e-02      20.737400      20.739500
   499   6.5464232700e-06   3.1782909564e-02   6.5653891348e-06   3.6589387455e-02      20.737400      20.739500
   500   7.4698578487e-06   3.8197581770e-02   7.4878743609e-06   4.3945909885e-02      20.750300      20.752800
   501   7.4677407351e-06   3.8182875162e-02   7.4857830371e-06   4.3929232252e-02      20.750300      20.752900
   502   8.3639127878e-06   4.4408167231e-02   8.3705460563e-06   5.0984932238e-02      20.769000      20.770900
   503   6.0447272805e-06   2.8297859952e-02   6.0558015009e-06   3.2525590276e-02      20.785500      20.789000
   504   6.0460986027e-06   2.8307385892e-02   6.0571104741e-06   3.2536028915e-02      20.785500      20.789000
   505   6.1399870796e-06   2.8959585644e-02   6.1258822952e-06   3.3084462029e-02      20.810900      20.814900
   506   5.3698191107e-06   2.3609585570e-02   5.3650098519e-06   2.7016749464e-02      20.813300      20.816800
   507   5.3711951673e-06   2.3619144398e-02   5.3661497275e-06   2.7025839605e-02      20.813400      20.816900
   508   5.8745877925e-06   2.7115979752e-02   5.8569259868e-06   3.0939622133e-02      20.828200      20.832100
   509   5.8767860029e-06   2.7131249701e-02   5.8587959826e-06   3.0954534747e-02      20.828200      20.832100
   510   6.4442311367e-06   3.1073028157e-02   6.4839165099e-06   3.5939669524e-02      20.831300      20.835800
   511   5.2202928643e-06   2.2570896010e-02   5.2107901650e-06   2.5786897155e-02      20.833700      20.843000
   512   6.2618887107e-06   2.9806379800e-02   6.2553928688e-06   3.4117267121e-02      20.854900      20.858700
   513   5.5212381396e-06   2.4661423414e-02   5.5481202340e-06   2.8476995760e-02      20.856400      20.869100
   514   5.5226602435e-06   2.4671302111e-02   5.5494787276e-06   2.8487829308e-02      20.856500      20.869200
   515   5.6249802730e-06   2.5382071953e-02   6.0451529493e-06   3.2440671508e-02      20.867500      20.879600
   516   5.6252146604e-06   2.5383700134e-02   6.0428236129e-06   3.2422095801e-02      20.867500      20.879600
   517   5.0513028132e-06   2.1397000415e-02   5.3298153514e-06   2.6736084664e-02      20.873300      20.885100
   518   5.0487494121e-06   2.1379263120e-02   5.3329868024e-06   2.6761375964e-02      20.873300      20.885100
   519   5.5723309777e-06   2.5016341690e-02   5.6100708706e-06   2.8971032125e-02      20.895200      20.902500
   520   5.5715993526e-06   2.5011259429e-02   5.6069655492e-06   2.8946268186e-02      20.895200      20.902600
   521   5.2764311991e-06   2.2960863014e-02   5.3050937308e-06   2.6538937706e-02      20.904200      20.907600
   522   4.8210683415e-06   1.9797668204e-02   4.7102838282e-06   2.1795520394e-02      20.915300      20.922100
   523   4.8216088379e-06   1.9801422782e-02   4.7105369603e-06   2.1797539041e-02      20.915300      20.922100
   524   6.6544012868e-06   3.2532982822e-02   6.6433402226e-06   3.7211022262e-02      20.929700      20.942300
   525   4.3880893347e-06   1.6789963636e-02   4.2549315263e-06   1.8164232512e-02      20.948900      20.956100
   526   5.3449722954e-06   2.3436986256e-02   5.4433450225e-06   2.7641447209e-02      21.011300      21.023300
   527   5.6732869240e-06   2.5717635878e-02   5.7442031926e-06   3.0040694172e-02      21.019700      21.026100
   528   5.6735593398e-06   2.5719528224e-02   5.7447028107e-06   3.0044678465e-02      21.019700      21.026100
   529   6.2635270296e-06   2.9817760443e-02   6.2949473107e-06   3.4432701050e-02      21.074200      21.082400
   530   6.2639196753e-06   2.9820487971e-02   6.2951994703e-06   3.4434711942e-02      21.074200      21.082400
   531   6.2558616507e-06   2.9764512607e-02   6.2854157843e-06   3.4356690199e-02      21.087400      21.093700
   532   6.9196823092e-06   3.4375767184e-02   6.9616639408e-06   3.9749551343e-02      21.202700      21.207100
   533   5.4827568799e-06   2.4394111931e-02   5.4591545655e-06   2.7767523220e-02      21.292400      21.297500
   534   5.4817661376e-06   2.4387229703e-02   5.4578770747e-06   2.7757335643e-02      21.292400      21.297500
   535   5.5704341502e-06   2.5003165308e-02   5.5909299997e-06   2.8818389847e-02      21.309800      21.313900
   536   5.2422995366e-06   2.2723766167e-02   5.1720698417e-06   2.5478115053e-02      21.334600      21.338300
   537   5.2403197909e-06   2.2710013791e-02   5.1705675053e-06   2.5466134404e-02      21.334600      21.338300
   538   5.8145431111e-06   2.6698877168e-02   5.6519413608e-06   2.9304935792e-02      21.338800      21.344200
   539   5.5368591554e-06   2.4769935374e-02   5.5468093221e-06   2.8466541660e-02      21.343000      21.346400
   540   5.5358214063e-06   2.4762726612e-02   5.5459862860e-06   2.8459978212e-02      21.343000      21.346500
   541   5.9085081620e-06   2.7351608844e-02   5.9510563832e-06   3.1690281714e-02      21.347200      21.349000
   542   5.2087433506e-06   2.2490666889e-02   5.2317110388e-06   2.5953734383e-02      21.355500      21.362200
   543   5.2081306691e-06   2.2486410874e-02   5.2303700252e-06   2.5943040231e-02      21.355500      21.362200
   544   5.3028726433e-06   2.3144539477e-02   5.3969098411e-06   2.7271141600e-02      21.372400      21.377500
   545   5.3037136610e-06   2.3150381637e-02   5.3978918145e-06   2.7278972521e-02      21.372500      21.377600
   546   5.7283592027e-06   2.6100197484e-02   5.7692774442e-06   3.0240653248e-02      21.383900      21.388300
   547   5.8661037968e-06   2.7057045364e-02   5.7967144736e-06   3.0459454717e-02      21.395400      21.402000
   548   5.8600390712e-06   2.7014916526e-02   5.7914424474e-06   3.0417412007e-02      21.395500      21.402100
   549   6.1101716461e-06   2.8752471640e-02   6.0693605002e-06   3.2633718926e-02      21.406700      21.414200
   550   6.0402077320e-06   2.8266464742e-02   5.8862964847e-06   3.1173842390e-02      21.409600      21.414300
   551   6.0378494986e-06   2.8250083188e-02   6.2874437342e-06   3.4372862445e-02      21.409600      21.414800
   552   6.7333254290e-06   3.3081232274e-02   6.7076808294e-06   3.7724117869e-02      21.413100      21.418300
   553   5.6792578255e-06   2.5759112965e-02   5.6575119862e-06   2.9349359735e-02      21.425200      21.434500
   554   5.6729947701e-06   2.5715606420e-02   5.6536258205e-06   2.9318368815e-02      21.425200      21.434600
   555   6.7008392485e-06   3.2855565828e-02   6.7263973483e-06   3.7873376076e-02      21.436500      21.441300
   556   6.6927301943e-06   3.2799235985e-02   6.7224270006e-06   3.7841713833e-02      21.436600      21.441400
   557   6.4807924346e-06   3.1327002556e-02   6.5515319163e-06   3.6478880602e-02      21.437100      21.444000
   558   5.5140900817e-06   2.4611769168e-02   5.7169624336e-06   2.9823457896e-02      21.448500      21.467100
   559   5.5171817363e-06   2.4633245460e-02   5.7177690053e-06   2.9829890045e-02      21.448600      21.467200
   560   6.3850284219e-06   3.0661774325e-02   6.2654459843e-06   3.4197437478e-02      21.463400      21.471500
   561   6.3937200375e-06   3.0722150952e-02   6.2719854450e-06   3.4249587570e-02      21.463500      21.471500
   562   6.6165334082e-06   3.2269932213e-02   6.4094993648e-06   3.5346216770e-02      21.467700      21.480200
   563   5.5554591784e-06   2.4899141117e-02   5.5452618414e-06   2.8454201000e-02      21.474900      21.491900
   564   5.7796617946e-06   2.6456572822e-02   5.7560975790e-06   3.0135548070e-02      21.496100      21.521600
   565   5.7809410572e-06   2.6465459267e-02   5.7567974148e-06   3.0141129035e-02      21.496200      21.521600
   566   7.4801981177e-06   3.8269410828e-02   7.1078632032e-06   4.0915443352e-02      21.519100      21.547100
   567   7.1448284279e-06   3.5939752964e-02   7.1523250079e-06   4.1270011918e-02      21.607400      21.613700
   568   7.8068794224e-06   4.0538714506e-02   7.5844933440e-06   4.4716415143e-02      21.624900      21.637100
   569   7.8052961424e-06   4.0527716193e-02   7.5830262201e-06   4.4704715303e-02      21.624900      21.637100
   570   6.7803803359e-06   3.3408100912e-02   6.7424139231e-06   3.8001103099e-02      21.643900      21.646100
   571   6.8858776078e-06   3.4140941585e-02   6.8947189110e-06   3.9215686301e-02      21.655900      21.660400
   572   6.8877964490e-06   3.4154270886e-02   6.8992665813e-06   3.9251952507e-02      21.655900      21.660400
   573   7.6648873018e-06   3.9552361026e-02   7.6874510507e-06   4.5537469679e-02      21.658800      21.660900
   574   8.3336446302e-06   4.4197908363e-02   7.8988569183e-06   4.7223363353e-02      21.679500      21.688500
   575   6.8928512703e-06   3.4189384388e-02   6.8281263241e-06   3.8684631879e-02      21.682700      21.690900
   576   6.8927438102e-06   3.4188637912e-02   6.8292716427e-06   3.8693765426e-02      21.682700      21.691000
   577   6.0392300415e-06   2.8259673179e-02   6.0610888730e-06   3.2567755364e-02      21.691700      21.700800
   578   6.0409584472e-06   2.8271679614e-02   6.0630306336e-06   3.2583240279e-02      21.691700      21.700800
   579   6.7829687572e-06   3.3426081475e-02   6.5769959604e-06   3.6681948149e-02      21.715900      21.728500
   580   6.8577743989e-06   3.3945721612e-02   6.8405524495e-06   3.8783726225e-02      21.749700      21.754200
   581   6.8587468874e-06   3.3952477040e-02   6.8413883225e-06   3.8790392043e-02      21.749800      21.754200
   582   6.7689881963e-06   3.3328964996e-02   6.8133140598e-06   3.8566508844e-02      21.766900      21.773300
   583   6.5643118508e-06   3.1907173247e-02   6.4700817769e-06   3.5829341985e-02      21.793700      21.815600
   584   7.8352410185e-06   4.0735729375e-02   7.9245709082e-06   4.7428424136e-02      21.817300      21.837700
   585   7.8347542850e-06   4.0732348262e-02   7.9242650388e-06   4.7425984926e-02      21.817300      21.837700
   586   5.8435218581e-06   2.6900179098e-02   5.8831887384e-06   3.1149059115e-02      21.970100      21.977400
   587   7.4381299983e-06   3.7977183092e-02   7.0708055707e-06   4.0619920673e-02      21.971600      21.987700
   588   7.4227244056e-06   3.7870167577e-02   7.0597906679e-06   4.0532080373e-02      21.971600      21.987700
   589   7.8167594761e-06   4.0607346662e-02   6.9184828787e-06   3.9405196286e-02      21.978900      22.005400
   590   7.8121150642e-06   4.0575084084e-02   6.9166898155e-06   3.9390897185e-02      21.978900      22.005400
   591   6.8398058763e-06   3.3820902610e-02   6.8308332282e-06   3.8706218567e-02      22.116500      22.119300
   592   6.8394214360e-06   3.3818232082e-02   6.8304678748e-06   3.8703304992e-02      22.116600      22.119400
   593   6.8519783694e-06   3.3905459281e-02   6.8501475052e-06   3.8860243702e-02      22.121500      22.124300
   594   6.5263599478e-06   3.1643538959e-02   6.5774172007e-06   3.6685307404e-02      22.170400      22.184900
   595   6.5253661672e-06   3.1636635626e-02   6.5756519404e-06   3.6671230022e-02      22.170400      22.184900
   596   7.0466796564e-06   3.5257958919e-02   7.1027552289e-06   4.0874708902e-02      22.192000      22.203500
   597   7.1565948442e-06   3.6021488807e-02   7.4799831530e-06   4.3882980045e-02      22.198400      22.206500
   598   7.1548376698e-06   3.6009282531e-02   7.2369753152e-06   4.1945070842e-02      22.198400      22.207600
   599   7.4583186618e-06   3.8117424385e-02   7.2391729969e-06   4.1962596645e-02      22.200900      22.207600
   600   6.2422032742e-06   2.9669634193e-02   6.2170401463e-06   3.3811416518e-02      22.325800      22.337500
   601   7.1510876850e-06   3.5983233124e-02   7.1163324901e-06   4.0982983186e-02      22.339800      22.349700
   602   7.1484964616e-06   3.5965233095e-02   7.1130972940e-06   4.0957183539e-02      22.339900      22.349800
   603   6.5585362219e-06   3.1867052629e-02   6.4060775286e-06   3.5318928729e-02      22.400300      22.414700
   604   6.2707396915e-06   2.9867863464e-02   6.2901194992e-06   3.4394200809e-02      22.459000      22.467300
   605   6.2726314584e-06   2.9881004692e-02   6.2918631204e-06   3.4408105627e-02      22.459100      22.467400
   606   6.4270714405e-06   3.0953827698e-02   6.5469365818e-06   3.6442234290e-02      22.474800      22.483900
   607   6.3487537167e-06   3.0409790754e-02   6.3512187754e-06   3.4881447849e-02      22.485500      22.489300
   608   6.3489132857e-06   3.0410899206e-02   6.3514158885e-06   3.4883019763e-02      22.485500      22.489300
   609   9.3715722060e-06   5.1407910377e-02   9.6776511935e-06   6.1408674526e-02      22.665100      22.684000
   610   8.4393602575e-06   4.4932265849e-02   8.5847892083e-06   5.2693452341e-02      22.667700      22.711400
   611   8.4274141361e-06   4.4849281678e-02   8.5850807184e-06   5.2695777040e-02      22.667700      22.711400
   612   7.2748495982e-06   3.6842949798e-02   7.1949401259e-06   4.1609853752e-02      22.798900      22.865100
   613   8.4615942247e-06   4.5086714919e-02   8.1654367138e-06   4.9349251323e-02      22.957000      22.976100
   614   8.4612601566e-06   4.5084394302e-02   8.1648815967e-06   4.9344824443e-02      22.957100      22.976100
   615   6.7039756096e-06   3.2877352676e-02   6.2800960348e-06   3.4314266911e-02      22.971300      22.994300
   616   4.6832142535e-06   1.8840059720e-02   4.7638968131e-06   2.2223066673e-02      23.103600      23.109300
   617   4.6828676885e-06   1.8837652294e-02   4.7643018717e-06   2.2226296885e-02      23.103600      23.109400
   618   5.6930484151e-06   2.5854909801e-02   5.7053810343e-06   2.9731099969e-02      23.114500      23.116800
   619   5.3119865539e-06   2.3207849591e-02   5.3704023293e-06   2.7059752734e-02      23.121400      23.124000
   620   5.3132907968e-06   2.3216909563e-02   5.3729086882e-06   2.7079740139e-02      23.121400      23.124000
   621   5.2037600171e-06   2.2456049980e-02   5.2629321208e-06   2.6202712451e-02      23.129800      23.135000
   622   5.2032589721e-06   2.2452569452e-02   5.2631115518e-06   2.6204143355e-02      23.129900      23.135100
   623   5.4676382484e-06   2.4289089802e-02   5.4772883575e-06   2.7912134368e-02      23.140500      23.146800
   624   5.5292381595e-06   2.4716995846e-02   5.5360779233e-06   2.8380962212e-02      23.145200      23.147800
   625   5.5279702830e-06   2.4708188496e-02   5.5355457864e-06   2.8376718592e-02      23.145200      23.147800
   626   5.0259891565e-06   2.1221158170e-02   5.0329094609e-06   2.4368355857e-02      23.147100      23.152300
   627   5.6260619317e-06   2.5389585735e-02   5.6759266509e-06   2.9496210751e-02      23.159800      23.166400
   628   5.3118207188e-06   2.3206697611e-02   5.3141817847e-06   2.6611412007e-02      23.186300      23.197500
   629   5.4060074264e-06   2.3860969034e-02   5.3171844013e-06   2.6635356906e-02      23.204800      23.221200
   630   5.4040152275e-06   2.3847130152e-02   5.3165035990e-06   2.6629927728e-02      23.204800      23.221200
   631   5.7980332265e-06   2.6584190649e-02   5.6983845919e-06   2.9675305595e-02      23.210800      23.234300
   632   5.1949522242e-06   2.2394866323e-02   5.4366520285e-06   2.7588072738e-02      23.265900      23.293100
   633   5.9143400704e-06   2.7392120410e-02   5.9322191836e-06   3.1540061117e-02      23.294800      23.343200
   634   5.9155101852e-06   2.7400248655e-02   5.9326860693e-06   3.1543784379e-02      23.294900      23.343300
   635   5.8347007287e-06   2.6838902798e-02   5.8433285634e-06   3.0831187063e-02      23.347300      23.368000
   636   5.8352164484e-06   2.6842485265e-02   5.8436034714e-06   3.0833379366e-02      23.347400      23.368100
   637   6.0497362457e-06   2.8332654913e-02   6.1127125102e-06   3.2979437237e-02      23.425200      23.441600
   638   5.8721920521e-06   2.7099337653e-02   6.2348845199e-06   3.3953719647e-02      23.443800      23.477500
   639   5.8733690298e-06   2.7107513572e-02   6.2359353769e-06   3.3962099893e-02      23.443900      23.477500
   640   7.4710805369e-06   3.8206075219e-02   7.2222810975e-06   4.1827889191e-02      23.785600      23.788600
   641   7.2350115584e-06   3.6566213392e-02   7.1737151085e-06   4.1440591077e-02      23.791900      23.796300
   642   7.2471958440e-06   3.6650851979e-02   7.1812701063e-06   4.1500839751e-02      23.791900      23.796300
   643   7.5988615267e-06   3.9093710556e-02   7.7953553681e-06   4.6397971840e-02      23.797000      23.803200
   644   7.7636355744e-06   4.0238319528e-02   7.8527710065e-06   4.6855843056e-02      23.808300      23.811400
   645   7.0608140253e-06   3.5356143832e-02   7.1637265344e-06   4.1360935418e-02      23.817700      23.822000
   646   7.0620508269e-06   3.5364735320e-02   7.1654716317e-06   4.1374852006e-02      23.817800      23.822000
   647   7.2345464925e-06   3.6562982794e-02   7.1638081302e-06   4.1361586118e-02      23.834000      23.836800
   648   7.2284507842e-06   3.6520638733e-02   7.1586984518e-06   4.1320838079e-02      23.834000      23.836800
   649   7.1583333089e-06   3.6033565116e-02   7.1461654606e-06   4.1220891512e-02      23.849100      23.856600
   650   7.5982743696e-06   3.9089631848e-02   7.3303451703e-06   4.2689665350e-02      23.851000      23.864200
   651   7.6009523520e-06   3.9108234550e-02   7.3250436767e-06   4.2647387647e-02      23.851100      23.864200
   652   1.6691893305e-05   1.0225878967e-01   6.4978724417e-06   3.6050963583e-02      23.859000      23.869100
   653   6.4953543487e-06   3.1428157427e-02   6.4991087282e-06   3.6060822569e-02      23.861200      23.869100
   654   6.4920967833e-06   3.1405528629e-02   1.4246852103e-05   9.7846579476e-02      23.861200      23.884900
   655   7.0910271169e-06   3.5566020182e-02   7.0404990487e-06   4.0378235926e-02      23.889500      23.896000
   656   7.5550951066e-06   3.8789685511e-02   8.1203576827e-06   4.8989760576e-02      23.901600      23.920100
   657   7.2774683126e-06   3.6861140794e-02   7.3477393058e-06   4.2828377976e-02      23.956800      23.969100
   658   6.4802544813e-06   3.1323265644e-02   6.6949589819e-06   3.7622665234e-02      23.961800      23.983200
   659   6.4819615340e-06   3.1335123748e-02   6.6949162969e-06   3.7622324835e-02      23.961800      23.983200
   660   1.0619661933e-05   6.0077811490e-02   1.1138009137e-05   7.3054558563e-02      24.099000      24.114100
   661   1.0619561422e-05   6.0077113287e-02   1.1137961237e-05   7.3054176578e-02      24.099100      24.114100
   662   9.6567282556e-06   5.3388757346e-02   1.0034538234e-05   6.4254733678e-02      24.180800      24.198300
   663   9.6556308946e-06   5.3381134487e-02   1.0033592774e-05   6.4247193939e-02      24.180800      24.198300
   664   1.0405113285e-05   5.8587441428e-02   1.0533046884e-05   6.8230179530e-02      24.229900      24.236000
   665   1.1324019806e-05   6.4970659319e-02   1.1462458856e-05   7.5641940529e-02      24.234700      24.239400
   666   1.1306646387e-05   6.4849974221e-02   1.1439514546e-05   7.5458967050e-02      24.234800      24.239500
   667   8.8977628133e-06   4.8116576034e-02   8.8959029086e-06   5.5174483853e-02      24.250600      24.254200
   668   1.2588143022e-05   7.3751937654e-02   9.5327750428e-06   6.0253333907e-02      24.281800      24.285400
   669   1.0580245616e-05   5.9804004597e-02   9.5304144880e-06   6.0234509243e-02      24.282100      24.285500
   670   1.0427068593e-05   5.8739954784e-02   1.0159054777e-05   6.5247712985e-02      24.282100      24.286700
   671   9.5512061900e-06   5.2655744443e-02   1.0209778384e-05   6.5652217408e-02      24.282400      24.286700
   672   9.5779532249e-06   5.2841543702e-02   1.2377330992e-05   8.2937751014e-02      24.282400      24.288100
   673   1.2108629199e-05   7.0420977274e-02   1.2359251431e-05   8.2793572343e-02      24.299500      24.305200
   674   8.4789451127e-06   4.5207243500e-02   8.3314718022e-06   5.0673327652e-02      24.340600      24.346200
   675   8.4345293352e-06   4.4898707670e-02   8.3229999951e-06   5.0605767721e-02      24.340600      24.346300
   676   8.0729326730e-06   4.2386863180e-02   8.0946737799e-06   4.8784939727e-02      24.340700      24.347400
   677   8.4476507806e-06   4.4989856272e-02   8.0702021034e-06   4.8589785992e-02      24.382000      24.390200
   678   8.4511455642e-06   4.5014132915e-02   8.0697389535e-06   4.8586092521e-02      24.382000      24.390300
   679   9.3956110368e-06   5.1574896998e-02   9.4289620392e-06   5.9425458655e-02      24.391900      24.404200
   680   9.3934677636e-06   5.1560008672e-02   9.4233804222e-06   5.9380947057e-02      24.391900      24.404200
   681   8.8499774772e-06   4.7784633442e-02   1.0297705224e-05   6.6353405625e-02      24.397900      24.408500
   682   8.8607550250e-06   4.7859500074e-02   9.1227740292e-06   5.6983707936e-02      24.397900      24.417700
   683   1.0336498643e-05   5.8110807297e-02   9.1248756912e-06   5.7000468013e-02      24.403900      24.417800
   684   1.0069762839e-05   5.6257917242e-02   1.0067983913e-05   6.4521452192e-02      24.424700      24.432600
   685   1.0065889860e-05   5.6231013452e-02   1.0422689106e-05   6.7350111806e-02      24.455000      24.459700
   686   9.4153429305e-06   5.1711965322e-02   1.0433620542e-05   6.7437286491e-02      24.477600      24.480000
   687   9.3783825121e-06   5.1455218418e-02   1.0282204990e-05   6.6229796249e-02      24.477600      24.488800
   688   1.0408053587e-05   5.8607866349e-02   1.0281295110e-05   6.6222540253e-02      24.477700      24.488800
   689   9.8676289004e-06   5.4853786418e-02   8.7109456224e-06   5.3699509093e-02      24.483300      24.506000
   690   9.8717537561e-06   5.4882439880e-02   8.6860379271e-06   5.3500878249e-02      24.483300      24.506000
   691   1.1167997123e-05   6.3886842025e-02   1.3105588262e-05   8.8745368081e-02      24.491200      24.509000
   692   1.2538171039e-05   7.3404805435e-02   9.2440333212e-06   5.7950711717e-02      24.507000      24.511900
   693   9.7096654830e-06   5.3756487739e-02   9.5589366885e-06   6.0461964602e-02      24.516400      24.519900
   694   9.7077524739e-06   5.3743198951e-02   9.5546684084e-06   6.0427926443e-02      24.516500      24.520000
   695   9.8843831795e-06   5.4970170633e-02   9.8291469993e-06   6.2616804762e-02      24.523000      24.528500
   696   1.0309093021e-05   5.7920433141e-02   9.4695985516e-06   5.9749521747e-02      24.546600      24.557700
   697   1.0310249351e-05   5.7928465630e-02   9.4698846740e-06   5.9751803481e-02      24.546600      24.557700
   698   9.6921936409e-06   5.3635118946e-02   1.1508217305e-05   7.6006849416e-02      24.561900      24.581800
   699   9.6911493884e-06   5.3627865008e-02   1.1512962434e-05   7.6044690289e-02      24.561900      24.581900
   700   1.3439626267e-05   7.9666797278e-02   1.3569487606e-05   9.2444815876e-02      24.590900      24.615200
   701   1.0823110209e-05   6.1491072412e-02   1.1069461793e-05   7.2507915584e-02      24.618500      24.648000
   702   8.9937798747e-06   4.8783562076e-02   9.5378889904e-06   6.0294115991e-02      24.628100      24.657500
   703   8.9887677995e-06   4.8748745512e-02   9.5270222765e-06   6.0207457450e-02      24.628100      24.657500
   704   1.6964686429e-05   1.0415375712e-01   1.7990436073e-05   1.2770045536e-01      24.741900      24.864600
   705   1.6971469766e-05   1.0420087782e-01   1.7987715574e-05   1.2767876025e-01      24.742000      24.864600
   706   1.0982794987e-05   6.2600328586e-02   1.1223782017e-05   7.3738569641e-02      24.860600      24.928200
   707   1.0982539942e-05   6.2598556905e-02   1.1223776121e-05   7.3738522627e-02      24.860600      24.928300
   708   1.1376127139e-05   6.5332624821e-02   1.1029698429e-05   7.2190815571e-02      25.466300      25.517800
   709   1.1763824342e-05   6.8025777673e-02   1.1426731000e-05   7.5357022385e-02      25.497700      25.543500
   710   1.1759106171e-05   6.7993002725e-02   1.1420902976e-05   7.5310545772e-02      25.497700      25.543600
   711   9.4335604322e-06   5.1838513866e-02   8.6193164786e-06   5.2968796196e-02      25.603400      25.632400
   712   7.0644616301e-06   3.5381482052e-02   7.1438285587e-06   4.1202255473e-02      25.769700      25.775700
   713   6.2605923099e-06   2.9797374304e-02   6.2925654361e-06   3.4413706367e-02      25.786400      25.801000
   714   6.2608804463e-06   2.9799375855e-02   6.2925673166e-06   3.4413721364e-02      25.786400      25.801000
   715   6.2835056147e-06   2.9956542418e-02   6.4654808480e-06   3.5792651060e-02      25.801300      25.813500
   716   6.2830681112e-06   2.9953503283e-02   6.4648985387e-06   3.5788007331e-02      25.801300      25.813500
   717   7.6968843152e-06   3.9774629455e-02   7.9917431632e-06   4.7964101225e-02      25.997400      26.001600
   718   8.9825259866e-06   4.8705386530e-02   9.2569445750e-06   5.8053674806e-02      26.007400      26.011000
   719   9.6133003510e-06   5.3087083812e-02   9.6732405364e-06   6.1373500957e-02      26.009700      26.015700
   720   9.6057388863e-06   5.3034557819e-02   9.6725819708e-06   6.1368249109e-02      26.009800      26.015700
   721   7.9067477817e-06   4.1232453731e-02   7.8913306626e-06   4.7163343888e-02      26.062700      26.071000
   722   7.9044423747e-06   4.1216439136e-02   7.8895887262e-06   4.7149452507e-02      26.062800      26.071000
   723   1.0935551122e-05   6.2272147342e-02   1.0506580259e-05   6.8019116722e-02      26.092100      26.110300
   724   1.0951910282e-05   6.2385786847e-02   1.0956130929e-05   7.1604138462e-02      26.116100      26.128500
   725   9.2095236426e-06   5.0282234082e-02   9.1155455582e-06   5.6926063209e-02      26.134100      26.153200
   726   9.2111334969e-06   5.0293416993e-02   9.1167282258e-06   5.6935494602e-02      26.134100      26.153200
   727   9.9220651957e-06   5.5231930142e-02   9.6850694410e-06   6.1467832660e-02      26.210700      26.229600
   728   9.2553792912e-06   5.0600772028e-02   9.1451329065e-06   5.7162012778e-02      26.274600      26.303500
   729   9.2555076024e-06   5.0601663347e-02   9.1452334437e-06   5.7162814530e-02      26.274700      26.303500
   730   6.5748073476e-06   3.1980080601e-02   6.4550702175e-06   3.5709629637e-02      26.442100      26.456900
   731   9.2145811402e-06   5.0317366174e-02   9.2698369659e-06   5.8156487469e-02      26.585900      26.592300
   732   9.2132271754e-06   5.0307960808e-02   9.2692712736e-06   5.8151976255e-02      26.585900      26.592300
   733   1.0140058196e-05   5.6746226523e-02   1.0202225503e-05   6.5591985614e-02      26.591100      26.605100
   734   9.5689738947e-06   5.2779168455e-02   9.6055249356e-06   6.0833490860e-02      26.631400      26.639700
   735   7.1931075212e-06   3.6275125458e-02   9.1126815735e-06   5.6903223854e-02      26.645600      26.650500
   736   7.2106874883e-06   3.6397245346e-02   7.2575422556e-06   4.2109085565e-02      26.645600      26.651300
   737   9.2982574095e-06   5.0898626451e-02   7.2536421045e-06   4.2077983116e-02      26.645700      26.651300
   738   8.7000622936e-06   4.6743242115e-02   8.7493714250e-06   5.4005942486e-02      26.677600      26.683800
   739   8.6993585732e-06   4.6738353695e-02   8.7484052145e-06   5.3998237269e-02      26.677600      26.683800
   740   7.8488233185e-06   4.0830079320e-02   7.8371061695e-06   4.6730921028e-02      26.688100      26.697000
   741   7.8502453994e-06   4.0839957857e-02   7.8382466072e-06   4.6740015651e-02      26.688200      26.697000
   742   7.7296626837e-06   4.0002325596e-02   7.7271118318e-06   4.5853751628e-02      26.702000      26.714000
   743   8.8854493150e-06   4.8031039866e-02   8.8473855545e-06   5.4787573587e-02      26.750500      26.760400
   744   8.8850383254e-06   4.8028184911e-02   8.8475930669e-06   5.4789228432e-02      26.750600      26.760400
   745   7.2421823957e-06   3.6616025876e-02   7.2604589870e-06   4.2132345557e-02      26.758100      26.764100
   746   8.8010979396e-06   4.7445089940e-02   8.9057134486e-06   5.5252719748e-02      26.763900      26.777500
   747   7.7392027051e-06   4.0068595704e-02   7.7894418964e-06   4.6350813809e-02      26.784200      26.789600
   748   7.7392249287e-06   4.0068750082e-02   7.7902190310e-06   4.6357011206e-02      26.784200      26.789700
   749   1.0097095762e-05   5.6447786398e-02   1.0085766047e-05   6.4663258977e-02      26.829500      26.842800
   750   1.0098205578e-05   5.6455495772e-02   1.0087459687e-05   6.4676765208e-02      26.829500      26.842800
   751   9.8306408227e-06   5.4596847379e-02   9.7815621219e-06   6.2237330698e-02      26.840200      26.844800
   752   8.0466468799e-06   4.2204267952e-02   7.9586383318e-06   4.7700100862e-02      26.926000      26.952100
   753   8.0464195596e-06   4.2202688864e-02   7.9582808435e-06   4.7697250008e-02      26.926000      26.952100
   754   1.0881493255e-05   6.1896632384e-02   1.0855483010e-05   7.0801503739e-02      27.070900      27.076600
   755   1.0882909284e-05   6.1906468880e-02   1.0856762381e-05   7.0811706309e-02      27.071000      27.076700
   756   1.0125290381e-05   5.6643641354e-02   9.5630641759e-06   6.0494879984e-02      27.095100      27.102000
   757   9.4703055537e-06   5.2093765202e-02   1.0466363386e-05   6.7698400120e-02      27.099100      27.102800
   758   9.7583907214e-06   5.4094959397e-02   9.8147785385e-06   6.2502220917e-02      27.109800      27.113000
   759   9.7556226941e-06   5.4075731193e-02   9.8094531904e-06   6.2459752982e-02      27.109900      27.113000
   760   1.0353605604e-05   5.8229641434e-02   1.0345546468e-05   6.6734924126e-02      27.115000      27.120300
   761   1.0302382652e-05   5.7873819318e-02   1.0492313613e-05   6.7905344817e-02      27.129900      27.132700
   762   9.9098549052e-06   5.5147110911e-02   9.8968624597e-06   6.3156813739e-02      27.130400      27.134100
   763   9.9066234659e-06   5.5124663599e-02   9.8966530365e-06   6.3155143657e-02      27.130400      27.134200
   764   1.1223749981e-05   6.4274131300e-02   1.1157233893e-05   7.3207869798e-02      27.133200      27.137000
   765   1.1211978323e-05   6.4192359040e-02   1.1148330980e-05   7.3136871933e-02      27.133200      27.137000
   766   1.2036538382e-05   6.9920195766e-02   1.1947219227e-05   7.9507748282e-02      27.160100      27.165100
   767   1.2037460659e-05   6.9926602398e-02   1.1948319149e-05   7.9516519809e-02      27.160100      27.165100
   768   1.0159499448e-05   5.6881275894e-02   1.0006362052e-05   6.4030037704e-02      27.181400      27.191800
   769   1.0859482574e-05   6.1743734380e-02   1.0927531866e-05   7.1376070148e-02      27.193500      27.197900
   770   1.0727549921e-05   6.0827259364e-02   1.0853642685e-05   7.0786827734e-02      27.220600      27.225100
   771   1.0726689864e-05   6.0821284946e-02   1.0852024255e-05   7.0773921277e-02      27.220600      27.225100
   772   9.5788053954e-06   5.2847463336e-02   9.6170366759e-06   6.0925293280e-02      27.249400      27.255600
   773   1.0102718647e-05   5.6486845977e-02   1.0040839626e-05   6.4304985249e-02      27.251000      27.257100
   774   1.0131896652e-05   5.6689532061e-02   1.0071100079e-05   6.4546302606e-02      27.251000      27.257200
   775   9.6096748008e-06   5.3061898794e-02   9.5859550216e-06   6.0677427102e-02      27.260700      27.264600
   776   9.6108972868e-06   5.3070390838e-02   9.5871589929e-06   6.0687028385e-02      27.260700      27.264600
   777   1.0572899252e-05   5.9752972807e-02   1.0440284253e-05   6.7490427436e-02      27.273800      27.277900
   778   8.7463051020e-06   4.7064469482e-02   8.2003339541e-06   4.9627545569e-02      27.281900      27.287700
   779   8.6825157083e-06   4.6621354116e-02   8.9021691120e-06   5.5224454806e-02      27.282000      27.290200
   780   7.8219482231e-06   4.0643390483e-02   8.9037653189e-06   5.5237184041e-02      27.282000      27.290200
   781   1.1271188428e-05   6.4603664212e-02   1.0950232019e-05   7.1557096551e-02      27.295100      27.301600
   782   8.3190829596e-06   4.4096755183e-02   8.8401446517e-06   5.4729829721e-02      27.305700      27.314500
   783   8.3164503588e-06   4.4078467725e-02   8.8197169841e-06   5.4566925654e-02      27.305700      27.314500
   784   9.7469960221e-06   5.4015805700e-02   9.2478787402e-06   5.7981377694e-02      27.312500      27.317600
   785   9.8423388620e-06   5.4678108238e-02   9.2654396171e-06   5.8121420030e-02      27.312600      27.317600
   786   8.7005612088e-06   4.6746707848e-02   1.0029495987e-05   6.4214523381e-02      27.312700      27.327500
   787   1.0201758628e-05   5.7174830842e-02   8.8883101967e-06   5.5113934422e-02      27.323300      27.327600
   788   7.1853103122e-06   3.6220961860e-02   7.0685956192e-06   4.0602297022e-02      27.342100      27.358200
   789   7.1828737828e-06   3.6204036419e-02   7.0656459136e-06   4.0578774071e-02      27.342100      27.358300
   790   6.6494230513e-06   3.2498401326e-02   6.8239701851e-06   3.8651488009e-02      27.360400      27.366900
   791   6.8764162826e-06   3.4075218142e-02   6.8732145199e-06   3.9044195712e-02      27.366200      27.371600
   792   6.8789001156e-06   3.4092472179e-02   6.8830159925e-06   3.9122359298e-02      27.366300      27.371700
   793   9.9482428127e-06   5.5413773920e-02   9.4625158922e-06   5.9693039820e-02      27.367100      27.371900
   794   6.6798206789e-06   3.2709559563e-02   6.7355738583e-06   3.7946555787e-02      27.377100      27.382900
   795   6.6845182294e-06   3.2742191270e-02   6.7389206008e-06   3.7973244980e-02      27.377200      27.383000
   796   7.1070147682e-06   3.5677078989e-02   7.3177174935e-06   4.2588963697e-02      27.383200      27.391700
   797   7.8118621376e-06   4.0573327120e-02   7.8564296825e-06   4.6885019818e-02      27.390100      27.397500
   798   7.8144211186e-06   4.0591103175e-02   7.8585481658e-06   4.6901914040e-02      27.390100      27.397600
   799   1.0740142827e-05   6.0914736445e-02   7.6221822924e-06   4.5016972362e-02      27.415800      27.429600
   800   8.1372394866e-06   4.2833572821e-02   8.4328422409e-06   5.1481724237e-02      27.427600      27.445800
   801   7.4366181222e-06   3.7966680789e-02   7.7746594564e-06   4.6232928613e-02      27.446300      27.455600
   802   7.4362954414e-06   3.7964439275e-02   7.7749459074e-06   4.6235212968e-02      27.446300      27.455600
   803   1.1347411778e-05   6.5133152508e-02   1.1604181564e-05   7.6772133454e-02      27.455500      27.463800
   804   9.3676072588e-06   5.1380367726e-02   9.6023181958e-06   6.0807918144e-02      27.469100      27.482200
   805   9.3686796091e-06   5.1387816847e-02   9.6043756047e-06   6.0824325317e-02      27.469200      27.482200
   806   8.0860639408e-06   4.2478080014e-02   7.7654920327e-06   4.6159821363e-02      27.494500      27.508500
   807   8.0846519582e-06   4.2468271625e-02   7.7656592375e-06   4.6161154768e-02      27.494500      27.508500
   808   9.0054291476e-06   4.8864484178e-02   9.0788040337e-06   5.6633061390e-02      27.525100      27.532700
   809   9.0044358517e-06   4.8857584212e-02   9.0748094772e-06   5.6601206089e-02      27.525100      27.532800
   810   9.2854295669e-06   5.0809517372e-02   9.4134665782e-06   5.9301887346e-02      27.525500      27.533200
   811   8.9487545646e-06   4.8470792106e-02   8.8578480979e-06   5.4871008999e-02      27.545000      27.550400
   812   1.1128215682e-05   6.3610498782e-02   8.8529728033e-06   5.4832130096e-02      27.555300      27.560500
   813   8.8888537403e-06   4.8054688832e-02   8.8504002889e-06   5.4811615122e-02      27.555600      27.560600
   814   8.9021522471e-06   4.8147067397e-02   1.1080853860e-05   7.2598763645e-02      27.555700      27.561400
   815   9.2275990598e-06   5.0407795631e-02   9.2471356938e-06   5.7975452139e-02      27.571200      27.577100
   816   9.0148345382e-06   4.8929819070e-02   8.7933090049e-06   5.4356330529e-02      27.588700      27.596500
   817   9.0151972410e-06   4.8932338598e-02   8.7913812498e-06   5.4340957303e-02      27.588700      27.596500
   818   9.9145951144e-06   5.5180038948e-02   1.0125789575e-05   6.4982433721e-02      27.594100      27.601100
   819   9.9157434510e-06   5.5188015911e-02   1.0126225404e-05   6.4985909317e-02      27.594100      27.601100
   820   8.8028175328e-06   4.7457035157e-02   8.7792377987e-06   5.4244117193e-02      27.599400      27.603000
   821   9.6851972724e-06   5.3586518416e-02   9.7597377754e-06   6.2063288567e-02      27.614400      27.620000
   822   9.6817642076e-06   5.3562670506e-02   9.7569199066e-06   6.2040816971e-02      27.614400      27.620000
   823   1.0174080640e-05   5.6982564681e-02   1.0468742342e-05   6.7717371527e-02      27.624400      27.634200
   824   9.0956121498e-06   4.9490943714e-02   9.3970990394e-06   5.9171361498e-02      27.660900      27.694900
   825   9.0933620215e-06   4.9475313115e-02   9.3940743492e-06   5.9147240568e-02      27.661000      27.695000
   826   1.0845136789e-05   6.1644080854e-02   1.0051957900e-05   6.4393649903e-02      27.678900      27.741700
   827   1.0035774475e-05   5.6021815825e-02   1.0056299303e-05   6.4428271191e-02      27.711000      27.741700
   828   1.0037487685e-05   5.6033716700e-02   1.1140050906e-05   7.3070841011e-02      27.711000      27.743600
   829   8.3953629569e-06   4.4626636985e-02   8.4381346286e-06   5.1523929324e-02      27.729700      27.770400
   830   9.9368792441e-06   5.5334836473e-02   1.0141528151e-05   6.5107943787e-02      27.802200      27.856200
   831   9.9358610569e-06   5.5327763598e-02   1.0139947704e-05   6.5095340235e-02      27.802200      27.856300
   832   1.1089049117e-05   6.3338426798e-02   1.1164003627e-05   7.3261856246e-02      27.884300      27.893600
   833   8.8155977480e-06   4.7545813391e-02   8.6664387334e-06   5.3344580994e-02      27.900300      27.915600
   834   8.9285894226e-06   4.8330714207e-02   8.7589475789e-06   5.4082309229e-02      27.907200      27.932600
   835   8.9275498608e-06   4.8323492853e-02   8.7586365590e-06   5.4079828945e-02      27.907200      27.932600
   836   1.0293899174e-05   5.7814888527e-02   9.8302128663e-06   6.2625304708e-02      27.966600      27.992500
   837   9.6230413309e-06   5.3154749886e-02   9.5296985123e-06   6.0228799568e-02      28.036300      28.055600
   838   9.6242052710e-06   5.3162835239e-02   9.5304734058e-06   6.0234979094e-02      28.036400      28.055600
   839   9.9360955107e-06   5.5329392240e-02   9.4714935009e-06   5.9764633357e-02      28.073900      28.109500
   840   9.9365091455e-06   5.5332265569e-02   9.4706278615e-06   5.9757730162e-02      28.074000      28.109500
   841   9.1325347697e-06   4.9747428049e-02   8.9579066282e-06   5.5668943537e-02      28.117600      28.132300
   842   9.0021865693e-06   4.8841959489e-02   9.3887192507e-06   5.9104535384e-02      28.144800      28.171800
   843   9.0024589083e-06   4.8843851302e-02   9.3897099056e-06   5.9112435537e-02      28.144800      28.171800
   844   9.5706895797e-06   5.2791086524e-02   7.2139749156e-06   4.1761650066e-02      28.278500      28.312900
   845   9.5723555652e-06   5.2802659353e-02   8.5664444772e-06   5.2547159021e-02      28.278600      28.320800
   846   8.0545433556e-06   4.2259121111e-02   8.5655937101e-06   5.2540374428e-02      28.291500      28.320800
   847   5.9074824620e-06   2.7344483781e-02   6.5043235898e-06   3.6102409410e-02      28.324900      28.333300
   848   7.4070555395e-06   3.7761323223e-02   8.7581373539e-06   5.4075847945e-02      28.351500      28.401000
   849   6.7969942462e-06   3.3523510050e-02   8.6851727896e-06   5.3493979056e-02      28.356000      28.407700
   850   6.7855881034e-06   3.3444276860e-02   8.6627425132e-06   5.3315104829e-02      28.356000      28.407700
   851   1.2401455681e-05   7.2455107183e-02   1.3256557363e-05   8.9949298018e-02      28.503900      28.572700
   852   2.3765762650e-05   1.5139768280e-01   1.7631965231e-05   1.2484176590e-01      28.525600      28.641000
   853   1.5055470178e-05   9.0891316334e-02   1.7619558728e-05   1.2474282804e-01      28.533500      28.641000
   854   1.5068364360e-05   9.0980886240e-02   2.3996332616e-05   1.7559554504e-01      28.533500      28.657200
   855   7.9458792437e-06   4.1504281868e-02   8.2196335244e-06   4.9781453424e-02      29.710900      29.743300
   856   8.4896151920e-06   4.5281363597e-02   8.3529890941e-06   5.0844921122e-02      29.791500      29.807700
   857   8.4899244635e-06   4.5283511963e-02   8.3531644246e-06   5.0846319326e-02      29.791500      29.807700
   858   7.2875219528e-06   3.6930978774e-02   6.4170749209e-06   3.5406629389e-02      29.873300      29.917500
   859   8.8547293383e-06   4.7817642420e-02   8.5262566076e-06   5.2226673711e-02      29.928600      29.953200
   860   8.8547940529e-06   4.7818091962e-02   8.5262071720e-06   5.2226279478e-02      29.928700      29.953300
   861   8.0738023334e-06   4.2392904308e-02   7.2207718861e-06   4.1815853716e-02      29.973900      30.001000
   862   4.6604613865e-06   1.8682006094e-02   4.9136303264e-06   2.3417143194e-02      30.057700      30.065600
