# k-point: 0.000000  0.000000  0.000000
# band     ipr_up            ipr_norm_up       ipr_dw            ipr_norm_dw       Energy_up(eV)   Energy_dw(eV)
     1   2.0127616694e-06   0.0000000000e+00   2.0169481832e-06   0.0000000000e+00      -8.335300      -8.333500
     2   1.4173171270e-05   9.0327911333e-02   1.4092774460e-05   1.0297812381e-01      -7.484400      -7.483200
     3   4.1343589485e-06   1.5759292425e-02   4.1355870914e-06   1.8066959129e-02      -7.335500      -7.334400
     4   4.1343732630e-06   1.5759398753e-02   4.1356006818e-06   1.8067075023e-02      -7.335500      -7.334400
     5   4.2522236675e-06   1.6634795326e-02   4.2660641248e-06   1.9179618403e-02      -7.273100      -7.270700
     6   4.2518263230e-06   1.6631843839e-02   4.2656773923e-06   1.9176320493e-02      -7.273100      -7.270700
     7   5.0513017948e-06   2.2570373206e-02   5.0805146926e-06   2.6124947815e-02      -7.176400      -7.172500
     8   2.0355624616e-05   1.3625137246e-01   2.0338670435e-05   1.5624078545e-01      -6.653700      -6.652300
     9   5.2990834544e-06   2.4410903295e-02   5.3029567277e-06   2.8021850181e-02      -6.332800      -6.331900
    10   5.2983853397e-06   2.4405717677e-02   5.3022775366e-06   2.8016058294e-02      -6.332800      -6.331900
    11   6.1225127558e-06   3.0527362475e-02   6.1217291210e-06   3.5004034502e-02      -6.317200      -6.316200
    12   6.1225785182e-06   3.0527850960e-02   6.1218057809e-06   3.5004688228e-02      -6.317100      -6.316200
    13   4.4787330254e-06   1.8317314079e-02   4.4786264269e-06   2.0992270106e-02      -6.302300      -6.300400
    14   6.1388759882e-06   3.0648909088e-02   6.1536216909e-06   3.5276002394e-02      -6.259300      -6.257100
    15   6.1375399265e-06   3.0638984779e-02   6.1506864095e-06   3.5250971413e-02      -6.259300      -6.257100
    16   6.4427905020e-06   3.2906395814e-02   6.4567114321e-06   3.7860638192e-02      -6.255000      -6.253800
    17   4.5872915629e-06   1.9123690367e-02   4.6006864330e-06   2.2033152124e-02      -6.172300      -6.165600
    18   4.5887285742e-06   1.9134364532e-02   4.6020708765e-06   2.2044958140e-02      -6.172200      -6.165600
    19   5.2784520460e-06   2.4257652534e-02   5.2723038147e-06   2.7760453619e-02      -6.002000      -5.994200
    20   9.6260224999e-06   5.6551544875e-02   9.5929931550e-06   6.4605674115e-02      -5.555800      -5.553900
    21   5.8582407560e-06   2.8564341610e-02   5.8508513509e-06   3.2694090328e-02      -5.279200      -5.277300
    22   4.1721794700e-06   1.6040224468e-02   4.1771459264e-06   1.8421357310e-02      -5.262600      -5.259800
    23   4.1753614111e-06   1.6063860028e-02   4.1802061208e-06   1.8447453501e-02      -5.262600      -5.259800
    24   4.4367465481e-06   1.8005437183e-02   4.5034818180e-06   2.1204227573e-02      -5.223600      -5.220100
    25   4.2926186974e-06   1.6934850900e-02   4.3060865111e-06   1.9520914325e-02      -5.218800      -5.211700
    26   4.3002401290e-06   1.6991463137e-02   4.3102692315e-06   1.9556582998e-02      -5.218700      -5.211600
    27   5.5073819469e-06   2.5958151158e-02   5.5062512824e-06   2.9755470005e-02      -5.022000      -5.011400
    28   6.4411260416e-06   3.2894032149e-02   6.3067170361e-06   3.6581542159e-02      -4.454300      -4.449500
    29   4.4651056507e-06   1.8216089504e-02   4.4720369284e-06   2.0936077331e-02      -4.304000      -4.301700
    30   4.4652284651e-06   1.8217001774e-02   4.4721422591e-06   2.0936975552e-02      -4.304000      -4.301700
    31   4.6011480965e-06   1.9226617141e-02   4.6277542374e-06   2.2263976222e-02      -4.282500      -4.279100
    32   4.6009826466e-06   1.9225388174e-02   4.6275605081e-06   2.2262324172e-02      -4.282500      -4.279100
    33   5.5124092441e-06   2.5995494082e-02   5.5191580171e-06   2.9865533805e-02      -4.236800      -4.233500
    34   1.1172702513e-05   6.8040333465e-02   1.1197963162e-05   7.8292257234e-02      -3.879400      -3.873000
    35   8.2661274405e-06   4.6450200892e-02   8.2622656543e-06   5.3257728377e-02      -3.430000      -3.429700
    36   6.9224142125e-06   3.6469056071e-02   6.9255005350e-06   4.1858296089e-02      -3.425200      -3.424500
    37   6.9246595758e-06   3.6485734701e-02   6.9274652670e-06   4.1875050588e-02      -3.425100      -3.424500
    38   7.0070505099e-06   3.7097737194e-02   7.0274009746e-06   4.2727264874e-02      -3.416500      -3.415000
    39   7.0072389149e-06   3.7099136672e-02   7.0274452750e-06   4.2727642651e-02      -3.416500      -3.414900
    40   7.1821656444e-06   3.8398498013e-02   7.1577563079e-06   4.3838886336e-02      -3.404500      -3.403000
    41   6.6175653988e-06   3.4204629335e-02   6.6372255052e-06   3.9399994601e-02      -3.393700      -3.392200
    42   6.6149674434e-06   3.4185331639e-02   6.6343933331e-06   3.9375842898e-02      -3.393600      -3.392100
    43   7.3102433460e-06   3.9349863275e-02   7.2999523077e-06   4.5051480566e-02      -3.387000      -3.386500
    44   6.2673696530e-06   3.1603364139e-02   6.2544004237e-06   3.6135405683e-02      -3.374000      -3.373100
    45   6.2650425915e-06   3.1586078652e-02   6.2523839618e-06   3.6118210051e-02      -3.374000      -3.373100
    46   6.1883360987e-06   3.1016300370e-02   6.2236149360e-06   3.5872878574e-02      -3.368500      -3.367700
    47   6.1317517638e-06   3.0595990122e-02   6.1064744466e-06   3.4873948351e-02      -3.360000      -3.358200
    48   6.1320798522e-06   3.0598427173e-02   6.1061764507e-06   3.4871407154e-02      -3.360000      -3.358100
    49   6.1620617457e-06   3.0821133636e-02   6.0609674568e-06   3.4485881786e-02      -3.310600      -3.306800
    50   6.1637183870e-06   3.0833439221e-02   6.0627800171e-06   3.4501338621e-02      -3.310600      -3.306700
    51   7.6975787898e-06   4.2227003336e-02   7.7485222791e-06   4.8876717283e-02      -3.309200      -3.304800
    52   6.5510857474e-06   3.3710816360e-02   6.5360248923e-06   3.8536993676e-02      -3.292100      -3.287400
    53   6.5520787251e-06   3.3718192229e-02   6.5366862832e-06   3.8542633770e-02      -3.292100      -3.287400
    54   9.6036893872e-06   5.6385653800e-02   9.6133030923e-06   6.4778869653e-02      -3.283200      -3.282000
    55   7.7259312020e-06   4.2437605960e-02   7.4444362856e-06   4.6283585817e-02      -3.200100      -3.191000
    56   7.7233212296e-06   4.2418219002e-02   7.4419887696e-06   4.6262714317e-02      -3.200100      -3.190900
    57   7.9926521032e-06   4.4418817343e-02   8.0676639643e-06   5.1598238048e-02      -3.064500      -3.059900
    58   6.3853516784e-06   3.2479738395e-02   6.3892207638e-06   3.7285103049e-02      -2.872100      -2.870400
    59   7.7060265267e-06   4.2289753396e-02   7.7178500822e-06   4.8615156275e-02      -2.663100      -2.662300
    60   7.7054458841e-06   4.2285440364e-02   7.7172758284e-06   4.8610259253e-02      -2.663000      -2.662300
    61   7.5801193695e-06   4.1354511006e-02   7.5595599262e-06   4.7265317107e-02      -2.631800      -2.630700
    62   7.1147515736e-06   3.7897744139e-02   7.0812000613e-06   4.3186043337e-02      -2.626400      -2.624200
    63   7.1140320339e-06   3.7892399375e-02   7.0804396510e-06   4.3179558842e-02      -2.626400      -2.624200
    64   5.7285550669e-06   2.7601032165e-02   5.7366243855e-06   3.1720005548e-02      -2.603600      -2.602600
    65   7.6634420776e-06   4.1973434747e-02   5.6865840478e-06   3.1293280290e-02      -2.597200      -2.595000
    66   5.6795377430e-06   2.7236929916e-02   5.6781452142e-06   3.1221317077e-02      -2.596400      -2.595000
    67   5.6819315000e-06   2.7254710820e-02   7.6462193934e-06   4.8004316588e-02      -2.596400      -2.594100
    68   5.9937650862e-06   2.9571020668e-02   6.0288771645e-06   3.4212227792e-02      -2.559500      -2.556200
    69   5.9933097642e-06   2.9567638522e-02   6.0284369900e-06   3.4208474149e-02      -2.559400      -2.556200
    70   6.3733150499e-06   3.2390329934e-02   6.3907608897e-06   3.7298236667e-02      -2.529900      -2.525700
    71   6.1575196900e-06   3.0787395101e-02   6.1968016218e-06   3.5644224672e-02      -2.515500      -2.512300
    72   6.1570648509e-06   3.0784016542e-02   6.1960111986e-06   3.5637484239e-02      -2.515500      -2.512300
    73   6.5752459877e-06   3.3890279397e-02   6.5570137408e-06   3.8715978715e-02      -2.502700      -2.500800
    74   6.5766378291e-06   3.3900618039e-02   6.5580988860e-06   3.8725232427e-02      -2.502700      -2.500800
    75   6.1660685732e-06   3.0850896479e-02   6.1880135977e-06   3.5569283694e-02      -2.452300      -2.446100
    76   6.3631959943e-06   3.2315165266e-02   6.3739909856e-06   3.7155229205e-02      -2.424700      -2.417100
    77   6.3663188915e-06   3.2338362246e-02   6.3742635932e-06   3.7157553901e-02      -2.424700      -2.417100
    78   7.9239935481e-06   4.3908819400e-02   7.9562041392e-06   5.0647750403e-02      -2.342400      -2.337400
    79   8.9023220551e-06   5.1175874831e-02   8.8563173598e-06   5.8323578836e-02      -2.192100      -2.162500
    80   8.9033200856e-06   5.1183288234e-02   8.8569347385e-06   5.8328843610e-02      -2.191900      -2.162400
    81   5.3809229141e-06   2.5018809419e-02   5.2991682251e-06   2.7989543250e-02      -1.573800      -1.551700
    82   8.2682025931e-06   4.6465615192e-02   8.2195653592e-06   5.2893596253e-02      -1.086500      -1.083400
    83   7.2631890001e-06   3.9000342089e-02   7.2702891995e-06   4.4798524689e-02      -0.929900      -0.928100
    84   7.2634458618e-06   3.9002250066e-02   7.2704932279e-06   4.4800264567e-02      -0.929900      -0.928100
    85   6.1616359995e-06   3.0817971180e-02   6.3340401859e-06   3.6814543747e-02      -0.883600      -0.878800
    86   6.1530894132e-06   3.0754486863e-02   6.2346463353e-06   3.5966950215e-02      -0.883600      -0.878800
    87   7.5728125616e-06   4.1300235804e-02   7.5488378644e-06   4.7173883380e-02      -0.880600      -0.878600
    88   6.0570917328e-06   3.0041413024e-02   6.0640180633e-06   3.4511896216e-02      -0.859400      -0.856900
    89   6.0548339057e-06   3.0024641812e-02   6.0614824892e-06   3.4490273789e-02      -0.859400      -0.856900
    90   6.9739986552e-06   3.6852226961e-02   6.9753998132e-06   4.2283818446e-02      -0.850600      -0.847800
    91   7.3775026523e-06   3.9849467553e-02   7.3804868005e-06   4.5738248559e-02      -0.783500      -0.767500
    92   7.3771820400e-06   3.9847086034e-02   7.3800661775e-06   4.5734661644e-02      -0.783400      -0.767500
    93   5.7024868233e-06   2.7407396418e-02   5.6543772104e-06   3.1018632442e-02      -0.383000      -0.354500
    94   5.6847196046e-06   2.7275420950e-02   5.7032733641e-06   3.1435600528e-02       0.326000       0.329600
    95   5.7694050850e-06   2.7904467406e-02   5.7803102122e-06   3.2092541917e-02       0.352500       0.353600
    96   5.7677444493e-06   2.7892132150e-02   5.7785793420e-06   3.2077781704e-02       0.352500       0.353600
    97   5.7838802762e-06   2.8011989589e-02   5.8094923173e-06   3.2341395980e-02       0.368200       0.370500
    98   5.7869638153e-06   2.8034894216e-02   5.8126523318e-06   3.2368343400e-02       0.368200       0.370500
    99   7.1645476727e-06   3.8267631155e-02   7.2241201366e-06   4.4404812212e-02       0.394900       0.397200
   100   7.3002155606e-06   3.9275376565e-02   7.2139111486e-06   4.4317753786e-02       0.675600       0.686400
   101   7.0488711195e-06   3.7408382019e-02   7.0294372551e-06   4.2744629512e-02       0.817100       0.818000
   102   7.0461600265e-06   3.7388243934e-02   7.0257654813e-06   4.2713318000e-02       0.817100       0.818000
   103   7.5381523533e-06   4.1042778669e-02   7.5384862657e-06   4.7085608823e-02       0.820900       0.821000
   104   7.3258034180e-06   3.9465443988e-02   7.3241332339e-06   4.5257686449e-02       0.846300       0.847300
   105   7.3222549719e-06   3.9439086016e-02   7.3205610067e-06   4.5227223833e-02       0.846300       0.847300
   106   7.5631679500e-06   4.1228595321e-02   7.5634497323e-06   4.7298487917e-02       0.854900       0.855800
   107   8.0654218349e-06   4.4959353236e-02   8.0826031820e-06   5.1725634101e-02       0.861100       0.862000
   108   7.6694241890e-06   4.2017870061e-02   7.6711945634e-06   4.8217295484e-02       0.861500       0.862500
   109   7.6716724060e-06   4.2034569889e-02   7.6737043060e-06   4.8238697629e-02       0.861500       0.862500
   110   7.4952203946e-06   4.0723878706e-02   7.4925053178e-06   4.6693500520e-02       0.888600       0.890800
   111   7.4961134085e-06   4.0730512042e-02   7.4933738298e-06   4.6700906865e-02       0.888700       0.890900
   112   6.7642224620e-06   3.5294002691e-02   6.7656976159e-06   4.0495556645e-02       0.915000       0.916200
   113   6.7649912579e-06   3.5299713331e-02   6.7664691099e-06   4.0502135657e-02       0.915000       0.916300
   114   9.1684458135e-06   5.3152650617e-02   9.2322721998e-06   6.1529580907e-02       0.945000       0.948100
   115   7.3640739327e-06   3.9749718594e-02   7.3693519333e-06   4.5643294582e-02       1.001000       1.006000
   116   6.9338821617e-06   3.6554240364e-02   6.8925782884e-06   4.1577547501e-02       1.018400       1.020500
   117   6.9322717208e-06   3.6542277958e-02   6.8908180487e-06   4.1562536835e-02       1.018500       1.020600
   118   6.5637550254e-06   3.3804924161e-02   6.5499918636e-06   3.8656098776e-02       1.038700       1.041900
   119   6.5623263903e-06   3.3794312214e-02   6.5480308197e-06   3.8639375729e-02       1.038800       1.042000
   120   6.8566036332e-06   3.5980212984e-02   6.7890390857e-06   4.0694603958e-02       1.047400       1.049900
   121   6.7557211028e-06   3.5230854322e-02   6.7964906658e-06   4.0758148242e-02       1.048300       1.050700
   122   6.6931020094e-06   3.4765717694e-02   6.3125466503e-06   3.6631254926e-02       1.074500       1.077000
   123   6.6862830984e-06   3.4715066606e-02   6.2973016108e-06   3.6501250939e-02       1.074600       1.077100
   124   5.8181101850e-06   2.8266250445e-02   5.6404032131e-06   3.0899467427e-02       1.079500       1.080800
   125   5.8210270298e-06   2.8287916862e-02   5.6484159773e-06   3.0967797279e-02       1.079600       1.080800
   126   6.5217676290e-06   3.3493040438e-02   6.5508648837e-06   3.8663543565e-02       1.082400       1.085000
   127   5.8006302705e-06   2.8136409082e-02   5.7341044136e-06   3.1698516171e-02       1.091100       1.092000
   128   5.2806875751e-06   2.4274258116e-02   5.3275844886e-06   2.8231866502e-02       1.098800       1.102200
   129   5.2698875850e-06   2.4194035444e-02   5.2214376885e-06   2.7326686345e-02       1.098800       1.102200
   130   6.0790872508e-06   3.0204796435e-02   6.0455312300e-06   3.4354247425e-02       1.101000       1.102400
   131   7.0466695218e-06   3.7392028482e-02   6.8146039545e-06   4.0912611584e-02       1.141800       1.145300
   132   7.0456858500e-06   3.7384721736e-02   6.8106922169e-06   4.0879253751e-02       1.141800       1.145300
   133   5.3458393738e-06   2.4758207760e-02   5.2761187734e-06   2.7792986158e-02       1.145700       1.149200
   134   5.3672175947e-06   2.4917005868e-02   5.6518975928e-06   3.0997487192e-02       1.158100       1.163600
   135   5.3672680391e-06   2.4917380571e-02   5.6499139666e-06   3.0980571570e-02       1.158200       1.163600
   136   5.1551370023e-06   2.3341664447e-02   5.1259874993e-06   2.6512722880e-02       1.191200       1.193800
   137   5.1579510728e-06   2.3362567452e-02   5.1285759515e-06   2.6534796231e-02       1.191200       1.193800
   138   6.1017434358e-06   3.0373087302e-02   6.1247089797e-06   3.5029445620e-02       1.203300       1.205800
   139   6.1035559041e-06   3.0386550374e-02   6.1258916732e-06   3.5039531188e-02       1.203300       1.205800
   140   5.1004991806e-06   2.2935812960e-02   5.1194851636e-06   2.6457273396e-02       1.207800       1.211500
   141   6.0953838816e-06   3.0325848330e-02   6.2799582720e-06   3.6353353441e-02       1.232100       1.247200
   142   6.0973804991e-06   3.0340679268e-02   6.2812319715e-06   3.6364215073e-02       1.232100       1.247200
   143   6.1344927428e-06   3.0616350201e-02   6.0423811149e-06   3.4327384423e-02       1.293500       1.310500
   144   5.2096025174e-06   2.3746236035e-02   5.2001721433e-06   2.7145341740e-02       1.489100       1.495400
   145   5.5759388026e-06   2.6467393674e-02   5.6345408508e-06   3.0849475397e-02       1.602200       1.621500
   146   5.5758922745e-06   2.6467048062e-02   5.6344644209e-06   3.0848823631e-02       1.602200       1.621600
   147   7.2210439654e-06   3.8687287424e-02   7.2129510310e-06   4.4309566262e-02       1.919500       1.929100
   148   7.0843634303e-06   3.7672020039e-02   7.1076221117e-06   4.3411360687e-02       2.189700       2.192300
   149   7.0877651180e-06   3.7697287884e-02   7.1093091209e-06   4.3425746869e-02       2.189700       2.192400
   150   5.8600115888e-06   2.8577495413e-02   5.8021102528e-06   3.2278444498e-02       2.195600       2.204500
   151   5.7720587728e-06   2.7924179083e-02   5.7607905988e-06   3.1926085964e-02       2.227500       2.229700
   152   5.7645357504e-06   2.7868297833e-02   5.7514481441e-06   3.1846417009e-02       2.227600       2.229700
   153   6.9674666551e-06   3.6803707055e-02   6.9637752676e-06   4.2184688674e-02       2.230700       2.232100
   154   7.5005654276e-06   4.0763581782e-02   7.5058304318e-06   4.6807132102e-02       2.255800       2.261100
   155   5.3207512887e-06   2.4571852662e-02   5.3255021802e-06   2.8214109356e-02       2.277000       2.280000
   156   5.3209736900e-06   2.4573504665e-02   5.3256969036e-06   2.8215769884e-02       2.277000       2.280100
   157   7.4744091003e-06   4.0569291747e-02   7.6343888192e-06   4.7903429882e-02       2.467600       2.499400
   158   7.4755154249e-06   4.0577509561e-02   7.6354666191e-06   4.7912620955e-02       2.467700       2.499500
   159   7.4979167780e-06   4.0743907528e-02   7.4585433298e-06   4.6403885407e-02       3.428900       3.455500
   160   8.2560630447e-06   4.6375442238e-02   8.2238213436e-06   5.2929889694e-02       3.700500       3.702700
   161   8.2547944088e-06   4.6366018771e-02   8.2226776262e-06   5.2920136500e-02       3.700500       3.702800
   162   4.8497375556e-06   2.1073147592e-02   4.8607510334e-06   2.4250885636e-02       3.719300       3.723100
   163   6.7467503874e-06   3.5164219562e-02   6.7535867558e-06   4.0392279766e-02       3.758400       3.759100
   164   7.2256628654e-06   3.8721596761e-02   7.2239361518e-06   4.4403243258e-02       3.768200       3.769500
   165   7.2201787659e-06   3.8680860694e-02   7.2188393174e-06   4.4359779363e-02       3.768200       3.769500
   166   5.6110415274e-06   2.6728137836e-02   5.4926393210e-06   2.9639392296e-02       3.779800       3.781500
   167   5.6115576691e-06   2.6731971753e-02   5.4926474019e-06   2.9639461207e-02       3.779900       3.781500
   168   4.0700934061e-06   1.5281925921e-02   4.0377850689e-06   1.7232940111e-02       3.785500       3.788500
   169   6.2922374181e-06   3.1788082693e-02   6.2943297459e-06   3.6475907988e-02       3.789500       3.790700
   170   4.5199987800e-06   1.8623837424e-02   4.6334692820e-06   2.2312711982e-02       3.790300       3.794400
   171   6.2396321153e-06   3.1397328822e-02   6.2557822655e-06   3.6147189512e-02       3.812100       3.814100
   172   6.2402662835e-06   3.1402039443e-02   6.2509485554e-06   3.6105969442e-02       3.812100       3.814100
   173   4.4068176834e-06   1.7783124620e-02   4.4182341126e-06   2.0477267068e-02       3.812800       3.816700
   174   6.5929971560e-06   3.4022135642e-02   6.6105333534e-06   3.9172373927e-02       3.835100       3.839700
   175   6.5922189947e-06   3.4016355435e-02   6.6097029898e-06   3.9165292897e-02       3.835100       3.839700
   176   7.8943083473e-06   4.3688316780e-02   7.9083839500e-06   5.0239957740e-02       3.950800       3.957000
   177   7.8940982410e-06   4.3686756103e-02   7.9082841863e-06   5.0239106993e-02       3.950800       3.957000
   178   6.8544456100e-06   3.5964183119e-02   6.8380642214e-06   4.1112671954e-02       3.955000       3.960300
   179   6.3284258765e-06   3.2056891719e-02   6.2987351310e-06   3.6513475462e-02       3.997900       4.006700
   180   8.2419055038e-06   4.6270279572e-02   8.2220239380e-06   5.2914562092e-02       4.335800       4.338600
   181   8.2417060673e-06   4.6268798151e-02   8.2218006015e-06   5.2912657562e-02       4.335800       4.338700
   182   6.3456077115e-06   3.2184518939e-02   6.3752663747e-06   3.7166105245e-02       4.374300       4.383900
   183   8.2786701972e-06   4.6543368890e-02   8.2764379018e-06   5.3378583996e-02       4.405500       4.405700
   184   7.8789853688e-06   4.3574497205e-02   7.8833859331e-06   5.0026784014e-02       4.422600       4.423600
   185   7.8520340069e-06   4.3374301627e-02   7.8707353253e-06   4.9918904369e-02       4.422700       4.423600
   186   8.4004323370e-06   4.7447821958e-02   8.4184254298e-06   5.4589400457e-02       4.423000       4.424500
   187   6.5582711423e-06   3.3764189702e-02   6.4510781254e-06   3.7812599462e-02       4.434600       4.436800
   188   6.5683595868e-06   3.3839126991e-02   6.4608068818e-06   3.7895562653e-02       4.434600       4.436800
   189   7.0924635924e-06   3.7732188302e-02   6.9952099356e-06   4.2452751750e-02       4.445900       4.448200
   190   7.0969779214e-06   3.7765720882e-02   7.0019279530e-06   4.2510040486e-02       4.446000       4.448300
   191   7.7732363583e-06   4.2788990174e-02   7.7542400358e-06   4.8925476170e-02       4.450400       4.452100
   192   7.9087014308e-06   4.3795229064e-02   7.8627429151e-06   4.9850748088e-02       4.467900       4.470400
   193   7.9126669008e-06   4.3824684702e-02   7.8663901744e-06   4.9881850550e-02       4.468000       4.470400
   194   8.8425414728e-06   5.0731822755e-02   7.6835095508e-06   4.8322313084e-02       4.492600       4.499900
   195   7.6883377487e-06   4.2158360587e-02   7.6036244498e-06   4.7641082862e-02       4.496700       4.500000
   196   7.6949926988e-06   4.2207793770e-02   8.7465973930e-06   5.7387928052e-02       4.496800       4.500600
   197   8.6186601506e-06   4.9068825135e-02   8.7343173460e-06   5.7283208410e-02       4.501500       4.507400
   198   7.6463483984e-06   4.1846462351e-02   8.1053880243e-06   5.1919934703e-02       4.528300       4.533100
   199   7.9847928752e-06   4.4360438746e-02   7.1983188892e-06   4.4184788837e-02       4.528300       4.534500
   200   7.6796174932e-06   4.2093586251e-02   7.2109997153e-06   4.4292926172e-02       4.528400       4.534600
   201   9.7427930535e-06   5.7418920281e-02   9.7499152604e-06   6.5943847059e-02       4.775700       4.804300
   202   9.7437558560e-06   5.7426072008e-02   9.7507749963e-06   6.5951178565e-02       4.775800       4.804400
   203   5.7621341204e-06   2.7850458448e-02   6.2329575096e-06   3.5952548542e-02       5.221900       5.224900
   204   6.2733067652e-06   3.1647465198e-02   6.2350011738e-06   3.5969976145e-02       5.223700       5.224900
   205   6.2734549795e-06   3.1648566138e-02   5.8259761559e-06   3.2481963982e-02       5.223800       5.225800
   206   5.6117502059e-06   2.6733401923e-02   5.5928541903e-06   3.0493987169e-02       5.254900       5.256000
   207   5.6272859226e-06   2.6848801723e-02   5.6201083241e-06   3.0726400215e-02       5.254900       5.256000
   208   5.8920385779e-06   2.8815392912e-02   5.8911353652e-06   3.3037617315e-02       5.256000       5.256600
   209   5.2485396421e-06   2.4035462241e-02   5.2848974657e-06   2.7867847558e-02       5.263800       5.266000
   210   5.8007816071e-06   2.8137533215e-02   5.8067116920e-06   3.2317683849e-02       5.273800       5.274900
   211   5.7974189241e-06   2.8112555098e-02   5.8032338704e-06   3.2288026288e-02       5.273800       5.274900
   212   6.3314023375e-06   3.2079000966e-02   6.3409070154e-06   3.6873101498e-02       5.287300       5.288300
   213   5.5498601091e-06   2.6273680305e-02   5.5863540373e-06   3.0438556298e-02       5.293400       5.295500
   214   5.5521854910e-06   2.6290953316e-02   5.5883139070e-06   3.0455269333e-02       5.293400       5.295500
   215   5.0805290779e-06   2.2787474398e-02   5.0760898464e-06   2.6087214384e-02       5.328200       5.330300
   216   5.0807037217e-06   2.2788771659e-02   5.0762665198e-06   2.6088720989e-02       5.328200       5.330300
   217   5.1187491268e-06   2.3071374144e-02   5.1223356121e-06   2.6481580954e-02       5.408500       5.411000
   218   5.1187181875e-06   2.3071144326e-02   5.1222007263e-06   2.6480430699e-02       5.408600       5.411100
   219   4.9103388836e-06   2.1523296194e-02   5.0563469211e-06   2.5918854111e-02       5.416700       5.419900
   220   5.6001876063e-06   2.6647514563e-02   5.6421668198e-06   3.0914506804e-02       5.431100       5.434300
   221   5.1385325976e-06   2.3218326397e-02   5.1898154430e-06   2.7057023679e-02       5.432300       5.435600
   222   5.0142525346e-06   2.2295170116e-02   5.0100023735e-06   2.5523645166e-02       5.470600       5.475500
   223   5.0153941190e-06   2.2303649841e-02   5.0111282879e-06   2.5533246543e-02       5.470700       5.475500
   224   6.0794533253e-06   3.0207515648e-02   6.0794410416e-06   3.4643417599e-02       5.501300       5.502100
   225   5.6833722997e-06   2.7265413125e-02   5.7000951639e-06   3.1408498027e-02       5.519200       5.522800
   226   5.6833386123e-06   2.7265162895e-02   5.6999812287e-06   3.1407526431e-02       5.519200       5.522800
   227   1.0894314323e-05   6.5972457091e-02   1.0739019794e-05   7.4378560080e-02       5.622500       5.637100
   228   6.3993849089e-06   3.2583977680e-02   6.3676855567e-06   3.7101458869e-02       5.711100       5.713500
   229   6.3987564687e-06   3.2579309607e-02   6.3670857529e-06   3.7096343967e-02       5.711200       5.713600
   230   5.4713535182e-06   2.5690530838e-02   5.4751849546e-06   2.9490547996e-02       5.811000       5.811900
   231   5.4713001267e-06   2.5690134244e-02   5.4750425560e-06   2.9489333675e-02       5.811000       5.811900
   232   8.3427288070e-06   4.7019198292e-02   8.3504203699e-06   5.4009478776e-02       5.816500       5.821900
   233   5.7190673994e-06   2.7530557467e-02   5.7118582528e-06   3.1508809244e-02       5.826800       5.829100
   234   5.5337360068e-06   2.6153909958e-02   5.5308200473e-06   2.9964983230e-02       5.834800       5.836300
   235   5.5330066875e-06   2.6148492550e-02   5.5300213250e-06   2.9958172026e-02       5.834900       5.836400
   236   6.5135175484e-06   3.3431758576e-02   6.5290607881e-06   3.8477606404e-02       5.857400       5.860100
   237   5.7660277899e-06   2.7879380750e-02   5.7667574869e-06   3.1976969351e-02       5.867500       5.871500
   238   5.7660002864e-06   2.7879176452e-02   5.7666322891e-06   3.1975901711e-02       5.867500       5.871500
   239   5.7340474073e-06   2.7641829445e-02   5.7326363123e-06   3.1685996753e-02       5.874800       5.879500
   240   6.1405025164e-06   3.0660990991e-02   6.1345115101e-06   3.5113037929e-02       5.877300       5.880900
   241   5.6544179975e-06   2.7050339643e-02   5.6439193581e-06   3.0929451795e-02       5.887300       5.889300
   242   5.6545812246e-06   2.7051552099e-02   5.6437002086e-06   3.0927582970e-02       5.887300       5.889300
   243   6.2852725681e-06   3.1736347564e-02   6.3400642493e-06   3.6865914705e-02       5.896900       5.901400
   244   5.4350982191e-06   2.5421225316e-02   5.4235201649e-06   2.9049970020e-02       5.920800       5.922600
   245   6.6715647932e-06   3.4605738564e-02   6.7051113720e-06   3.9978899848e-02       5.932400       5.937300
   246   6.6700669963e-06   3.4594612880e-02   6.7043499310e-06   3.9972406565e-02       5.932500       5.937400
   247   5.3424453094e-06   2.4732996541e-02   5.3234426123e-06   2.8196546132e-02       5.944000       5.950500
   248   5.3431623948e-06   2.4738323074e-02   5.3239350828e-06   2.8200745736e-02       5.944100       5.950500
   249   6.4925739610e-06   3.3276188939e-02   6.5370621593e-06   3.8545839100e-02       5.949700       5.960700
   250   6.2968610532e-06   3.1822427202e-02   6.3087274612e-06   3.6598686312e-02       5.989700       5.993500
   251   6.2967622633e-06   3.1821693388e-02   6.3082628883e-06   3.6594724608e-02       5.989700       5.993500
   252   7.2812949191e-06   3.9134833434e-02   7.4924518984e-06   4.6693044980e-02       6.022300       6.034100
   253   7.2825266974e-06   3.9143983123e-02   7.4932096823e-06   4.6699507077e-02       6.022300       6.034100
   254   6.8868438018e-06   3.6204837923e-02   6.8679206181e-06   4.1367276123e-02       6.339600       6.349500
   255   6.6369392426e-06   3.4348538866e-02   6.6067999609e-06   3.9140536954e-02       6.373200       6.391100
   256   6.6368905566e-06   3.4348177226e-02   6.6066640255e-06   3.9139377748e-02       6.373200       6.391100
   257   5.8055117972e-06   2.8172669218e-02   5.8129601207e-06   3.2370968108e-02       6.841100       6.844200
   258   5.8062378894e-06   2.8178062654e-02   5.8136843536e-06   3.2377144096e-02       6.841100       6.844300
   259   4.8726563189e-06   2.1243388898e-02   4.8718164221e-06   2.4345247127e-02       6.900900       6.905000
   260   5.3552475785e-06   2.4828092205e-02   5.3458482827e-06   2.8387613298e-02       6.919900       6.923800
   261   5.3553254835e-06   2.4828670886e-02   5.3825749351e-06   2.8700804435e-02       6.944200       6.952500
   262   5.3536436731e-06   2.4816178344e-02   5.3812100459e-06   2.8689165171e-02       6.944300       6.952600
   263   5.6356376532e-06   2.6910838645e-02   5.6634837751e-06   3.1096289815e-02       7.100400       7.130900
   264   7.4513998645e-06   4.0398378408e-02   7.3925882368e-06   4.5841445075e-02       7.359200       7.364100
   265   7.4513145787e-06   4.0397744902e-02   7.3925900996e-06   4.5841460960e-02       7.359300       7.364200
   266   5.9073448773e-06   2.8929088593e-02   5.9090755987e-06   3.3190604907e-02       7.433300       7.434600
   267   5.9064458528e-06   2.8922410610e-02   5.9075195616e-06   3.3177335606e-02       7.433300       7.434600
   268   6.2027725233e-06   3.1123534594e-02   6.1915190428e-06   3.5599176817e-02       7.434500       7.438400
   269   6.5586423762e-06   3.3766947240e-02   6.5682692532e-06   3.8811961510e-02       7.448300       7.450400
   270   5.8729344429e-06   2.8673486787e-02   5.8721144535e-06   3.2875414104e-02       7.457600       7.461100
   271   5.8758212497e-06   2.8694930080e-02   5.8746716874e-06   3.2897221236e-02       7.457700       7.461100
   272   5.5193897694e-06   2.6047345647e-02   5.5551433095e-06   3.0172402901e-02       7.509900       7.518100
   273   5.7316920300e-06   2.7624333627e-02   5.7376315511e-06   3.1728594279e-02       7.551100       7.558400
   274   5.7319946343e-06   2.7626581381e-02   5.7379212566e-06   3.1731064779e-02       7.551200       7.558400
   275   7.7426942998e-06   4.2562122787e-02   7.7414428680e-06   4.8816346716e-02       7.701200       7.703100
   276   7.7429899927e-06   4.2564319203e-02   7.7417218722e-06   4.8818725959e-02       7.701200       7.703100
   277   5.4071630313e-06   2.5213721848e-02   5.4290460352e-06   2.9097092572e-02       7.829100       7.832600
   278   5.6696166590e-06   2.7163235787e-02   5.6778435150e-06   3.1218744299e-02       7.848100       7.850000
   279   6.1072487980e-06   3.0413981308e-02   6.1154686198e-06   3.4950647292e-02       7.851700       7.853300
   280   6.1009911517e-06   3.0367499311e-02   6.1085512395e-06   3.4891658464e-02       7.851700       7.853400
   281   6.0053006535e-06   2.9656707231e-02   6.0226474112e-06   3.4159102789e-02       7.871600       7.876500
   282   6.0058841810e-06   2.9661041692e-02   6.0232275336e-06   3.4164049855e-02       7.871700       7.876500
   283   7.8728019147e-06   4.3528566311e-02   8.1400544375e-06   5.2215556891e-02       7.878000       7.886300
   284   5.6055862384e-06   2.6687615775e-02   5.6187801005e-06   3.0715073621e-02       7.898800       7.903200
   285   6.9614053114e-06   3.6758683200e-02   6.9951623921e-06   4.2452346316e-02       7.925100       7.930300
   286   6.9620015816e-06   3.6763112314e-02   6.9959121856e-06   4.2458740275e-02       7.925100       7.930300
   287   6.4183788442e-06   3.2725065239e-02   6.7891584400e-06   4.0695621766e-02       7.935200       7.943900
   288   1.0280659045e-05   6.1414206066e-02   1.0261305042e-05   7.0304787591e-02       8.027600       8.028200
   289   9.3388469729e-06   5.4418395878e-02   9.2842352686e-06   6.1972702496e-02       8.043900       8.044800
   290   9.3641402766e-06   5.4606275347e-02   9.3065892871e-06   6.2163329195e-02       8.043900       8.044900
   291   9.3288975902e-06   5.4344491546e-02   9.3113688842e-06   6.2204087808e-02       8.048700       8.050200
   292   9.0629159910e-06   5.2368771722e-02   9.1958519899e-06   6.1219002998e-02       8.053800       8.056000
   293   9.0657586660e-06   5.2389887203e-02   9.1975597857e-06   6.1233566440e-02       8.053900       8.056000
   294   1.0465247649e-05   6.2785336115e-02   1.0480131748e-05   7.2170859784e-02       8.075100       8.075600
   295   1.0299804899e-05   6.1556422079e-02   1.0306342199e-05   7.0688847594e-02       8.075100       8.075600
   296   1.2989190898e-05   8.1533267268e-02   1.3006090571e-05   9.3711290596e-02       8.076900       8.077400
   297   7.1890627578e-06   3.8449729991e-02   8.7385908121e-06   5.7319650928e-02       8.086200       8.087700
   298   7.1909743354e-06   3.8463929251e-02   7.0123807312e-06   4.2599177864e-02       8.086300       8.088100
   299   8.7269545547e-06   4.9873239431e-02   7.0153841485e-06   4.2624789882e-02       8.087000       8.088100
   300   8.7048720245e-06   4.9709209691e-02   8.7069713151e-06   5.7050011700e-02       8.100800       8.102300
   301   8.7196315246e-06   4.9818843729e-02   8.7203124661e-06   5.7163780039e-02       8.100800       8.102300
   302   8.6108754738e-06   4.9011000307e-02   8.6657795376e-06   5.6698743649e-02       8.125400       8.128000
   303   8.2582123879e-06   4.6391407628e-02   8.2274287748e-06   5.2960652516e-02       8.149300       8.151700
   304   8.2578326167e-06   4.6388586676e-02   8.2260342271e-06   5.2948760336e-02       8.149400       8.151700
   305   8.2156369167e-06   4.6075155667e-02   8.2179157065e-06   5.2879528632e-02       8.163300       8.165100
   306   8.1953573566e-06   4.5924518446e-02   8.2003837866e-06   5.2730022986e-02       8.163400       8.165200
   307   6.9027439453e-06   3.6322944697e-02   6.9096230343e-06   4.1722898710e-02       8.168700       8.171000
   308   9.4564376685e-06   5.5291863325e-02   9.5038308697e-06   6.3845331539e-02       8.192600       8.194900
   309   7.6640222427e-06   4.1977744231e-02   7.7221854646e-06   4.8652126792e-02       8.195400       8.200500
   310   7.6612444497e-06   4.1957110696e-02   7.7188362378e-06   4.8623565840e-02       8.195400       8.200500
   311   9.3130516732e-06   5.4226787568e-02   9.3170681459e-06   6.2252688978e-02       8.251700       8.254000
   312   9.3115082690e-06   5.4215323112e-02   9.3153316811e-06   6.2237881056e-02       8.251700       8.254000
   313   7.9658324106e-06   4.4219599808e-02   7.9772368483e-06   5.0827109469e-02       8.262000       8.262300
   314   7.4032344893e-06   4.0040604461e-02   7.5277566067e-06   4.6994110310e-02       8.266300       8.269400
   315   6.8699145766e-06   3.6079087097e-02   6.8908965520e-06   4.1563206282e-02       8.281400       8.282400
   316   8.4184672565e-06   4.7581785917e-02   8.4706122335e-06   5.5034429974e-02       8.282500       8.283800
   317   8.4196704556e-06   4.7590723318e-02   8.4696656593e-06   5.5026357944e-02       8.282500       8.283800
   318   7.5934553162e-06   4.1453570845e-02   7.7208478476e-06   4.8640720095e-02       8.288600       8.289800
   319   7.5925125341e-06   4.1446567830e-02   7.7202521870e-06   4.8635640525e-02       8.288700       8.289800
   320   7.1830423869e-06   3.8405010483e-02   7.1972798141e-06   4.4175927994e-02       8.297400       8.298200
   321   7.1773232877e-06   3.8362528832e-02   7.1912724847e-06   4.4124699738e-02       8.297400       8.298200
   322   7.2498937416e-06   3.8901584484e-02   7.2808684066e-06   4.4888740204e-02       8.308700       8.309700
   323   6.4739540025e-06   3.3137879292e-02   6.4079351501e-06   3.7444692327e-02       8.316800       8.319200
   324   5.7447830537e-06   2.7721574170e-02   5.7653526092e-06   3.1964989080e-02       8.329600       8.336300
   325   6.9925990477e-06   3.6990391271e-02   6.9373063550e-06   4.1958971700e-02       8.337300       8.338600
   326   6.9945529654e-06   3.7004905034e-02   6.9407173457e-06   4.1988059352e-02       8.337300       8.338600
   327   7.6690371555e-06   4.2014995164e-02   7.7303090613e-06   4.8721401782e-02       8.345100       8.346300
   328   7.6674108833e-06   4.2002915162e-02   7.7301489319e-06   4.8720036258e-02       8.345100       8.346300
   329   1.0800459905e-05   6.5275303468e-02   9.9336534877e-06   6.7510697847e-02       8.346500       8.349000
   330   6.3440048111e-06   3.2172612543e-02   6.4945686033e-06   3.8183469970e-02       8.348800       8.352200
   331   6.3407503784e-06   3.2148438513e-02   6.4947405229e-06   3.8184936036e-02       8.348800       8.352200
   332   6.6528703416e-06   3.4466875580e-02   6.7069301842e-06   3.9994409997e-02       8.363300       8.365800
   333   7.5440165801e-06   4.1086338333e-02   7.5909828056e-06   4.7533279655e-02       8.378300       8.381500
   334   7.5425171779e-06   4.1075200725e-02   7.5887993551e-06   4.7514660006e-02       8.378300       8.381500
   335   6.5171799622e-06   3.3458963103e-02   6.4776730663e-06   3.8039391158e-02       8.385900       8.388800
   336   6.5172304036e-06   3.3459337783e-02   6.4774702023e-06   3.8037661210e-02       8.385900       8.388800
   337   7.7253665197e-06   4.2433411482e-02   7.7427854147e-06   4.8827795451e-02       8.387400       8.389500
   338   6.1670604097e-06   3.0858263872e-02   6.3315543662e-06   3.6793345608e-02       8.404000       8.412500
   339   7.2185985845e-06   3.8669123057e-02   7.0299998198e-06   4.2749426852e-02       8.410200       8.414700
   340   7.2160715040e-06   3.8650351821e-02   7.0220452701e-06   4.2681593432e-02       8.410200       8.414700
   341   7.5431476093e-06   4.1079883590e-02   7.5562995997e-06   4.7237514265e-02       8.448100       8.452900
   342   7.5417104224e-06   4.1069208119e-02   7.5560200504e-06   4.7235130372e-02       8.448100       8.452900
   343   1.2905241101e-05   8.0909685496e-02   1.3589060251e-05   9.8682637686e-02       8.458600       8.462700
   344   7.6631356731e-06   4.1971158764e-02   7.6983977249e-06   4.8449273857e-02       8.469200       8.473800
   345   7.6580578814e-06   4.1933440765e-02   7.6937717300e-06   4.8409825104e-02       8.469200       8.473800
   346   7.7163925435e-06   4.2366752501e-02   7.7248302467e-06   4.8674680503e-02       8.523700       8.530500
   347   7.7134867741e-06   4.2345168352e-02   7.7219128855e-06   4.8649802339e-02       8.523700       8.530500
   348   7.6807047605e-06   4.2101662507e-02   7.5711312582e-06   4.7363993093e-02       8.535000       8.539100
   349   9.2427384627e-06   5.3704498792e-02   9.1344800098e-06   6.0695645736e-02       8.549700       8.563400
   350   7.2993453743e-06   3.9268912793e-02   7.2856618600e-06   4.4929616980e-02       8.573400       8.575300
   351   6.4269111711e-06   3.2788443636e-02   6.4381612503e-06   3.7702449189e-02       8.574700       8.585700
   352   6.4288951142e-06   3.2803180429e-02   6.4396855573e-06   3.7715447908e-02       8.574700       8.585800
   353   7.3605512579e-06   3.9723552053e-02   7.3865292397e-06   4.5789776217e-02       8.588300       8.599300
   354   8.0489633921e-06   4.4837099397e-02   8.0686560440e-06   5.1606698132e-02       8.724700       8.739800
   355   8.0508492597e-06   4.4851107682e-02   8.0701684501e-06   5.1619595365e-02       8.724700       8.739800
   356   7.9805869254e-06   4.4329196817e-02   7.9596504839e-06   5.0677139541e-02       8.892400       8.900300
   357   7.9774247839e-06   4.4305708328e-02   7.9543082663e-06   5.0631583110e-02       8.892400       8.900300
   358   7.6395336191e-06   4.1795841952e-02   7.5972243420e-06   4.7586505139e-02       8.896000       8.902000
   359   7.0071711847e-06   3.7098633570e-02   6.9964070058e-06   4.2462959916e-02       9.064300       9.066700
   360   7.0078285500e-06   3.7103516501e-02   6.9970945124e-06   4.2468822715e-02       9.064400       9.066700
   361   6.2252822676e-06   3.1290737694e-02   6.2913914333e-06   3.6450851159e-02       9.113500       9.114900
   362   7.4412433364e-06   4.0322935392e-02   7.4177068029e-06   4.6055646799e-02       9.120100       9.121400
   363   7.3837955125e-06   3.9896211120e-02   7.3794013532e-06   4.5728992271e-02       9.123600       9.125200
   364   7.3853474320e-06   3.9907738827e-02   7.3809336679e-06   4.5742059277e-02       9.123700       9.125300
   365   8.0136802405e-06   4.4575015019e-02   7.7761039808e-06   4.9111923704e-02       9.191700       9.193900
   366   7.5293300701e-06   4.0977246466e-02   7.6407917260e-06   4.7958031473e-02       9.192000       9.193900
   367   7.5684236850e-06   4.1267635088e-02   7.9495206146e-06   5.0590755809e-02       9.192000       9.194000
   368   7.8916360388e-06   4.3668466787e-02   7.9362739243e-06   5.0477792995e-02       9.203800       9.209300
   369   8.0480305946e-06   4.4830170548e-02   7.9824012111e-06   5.0871149221e-02       9.236000       9.239700
   370   8.0466538053e-06   4.4819943713e-02   7.9806125723e-06   5.0855896380e-02       9.236000       9.239700
   371   8.5896474341e-06   4.8853317749e-02   8.9684190979e-06   5.9279540473e-02       9.253300       9.263600
   372   8.5913705573e-06   4.8866117164e-02   8.9624816917e-06   5.9228908497e-02       9.253400       9.263700
   373   9.0012181891e-06   5.1910478477e-02   9.1798335913e-06   6.1082404093e-02       9.259200       9.265900
   374   8.4690034769e-06   4.7957170577e-02   8.4399964736e-06   5.4773350240e-02       9.289700       9.298700
   375   8.4718766023e-06   4.7978512245e-02   8.4422383504e-06   5.4792468125e-02       9.289800       9.298800
   376   1.0053724430e-05   5.9728528489e-02   1.0090123689e-05   6.8845017125e-02       9.322600       9.326300
   377   1.4297167611e-05   9.1248960115e-02   1.4967449554e-05   1.1043702543e-01       9.400200       9.421400
   378   1.4303181943e-05   9.1293634766e-02   1.4973017955e-05   1.1048451067e-01       9.400400       9.421500
   379   1.0576432607e-05   6.3611221540e-02   1.0818668841e-05   7.5057777325e-02       9.458600       9.478600
   380   1.2629480116e-05   7.8861324082e-02   1.2808374472e-05   9.2025241754e-02      10.081700      10.088400
   381   8.6014855638e-06   4.8941251755e-02   8.6671469423e-06   5.6710404364e-02      10.222500      10.248500
   382   8.6010027137e-06   4.8937665129e-02   8.6665600201e-06   5.6705399311e-02      10.222700      10.248700
   383   8.3796681729e-06   4.7293585083e-02   8.1942961674e-06   5.2678110049e-02      10.505400      10.510500
   384   8.3731174965e-06   4.7244926449e-02   8.1886541541e-06   5.2629997073e-02      10.505500      10.510600
   385   7.2065452744e-06   3.8579590683e-02   7.2330676773e-06   4.4481113488e-02      10.549200      10.550600
   386   7.2084101688e-06   3.8593443179e-02   7.2337577127e-06   4.4486997851e-02      10.549300      10.550700
   387   6.4597336310e-06   3.3032249917e-02   6.4674784463e-06   3.7952455257e-02      10.550300      10.552600
   388   6.4934644549e-06   3.3282803556e-02   6.4963717473e-06   3.8198846507e-02      10.578500      10.580100
   389   7.5220506966e-06   4.0923175048e-02   6.3577645635e-06   3.7016856355e-02      10.586900      10.608700
   390   6.3885815358e-06   3.2503729880e-02   6.3482263824e-06   3.6935518318e-02      10.602100      10.608800
   391   6.3966080130e-06   3.2563350809e-02   7.1743233857e-06   4.3980164170e-02      10.602200      10.617400
   392   5.4023246032e-06   2.5177781850e-02   6.6240608123e-06   3.9287731030e-02      10.621100      10.637900
   393   7.7509148735e-06   4.2623185471e-02   7.7693541087e-06   4.9054363323e-02      10.647100      10.649400
   394   7.7553083015e-06   4.2655819995e-02   7.7735345262e-06   4.9090012357e-02      10.647100      10.649400
   395   7.9474098442e-06   4.4082756396e-02   8.1801049974e-06   5.2557093066e-02      10.672700      10.677800
   396   7.3814108054e-06   3.9878497439e-02   7.3484600259e-06   4.5465136220e-02      10.748900      10.750500
   397   7.3786172471e-06   3.9857746799e-02   7.3459700951e-06   4.5443903022e-02      10.749100      10.750700
   398   8.0230154403e-06   4.4644357182e-02   8.0334280524e-06   5.1306287013e-02      10.807900      10.809700
   399   8.0005963332e-06   4.4477827337e-02   8.0215891485e-06   5.1205329275e-02      10.807900      10.809800
   400   8.8766141015e-06   5.0984915330e-02   8.8003348936e-06   5.7846181330e-02      10.809000      10.812100
   401   7.2290031652e-06   3.8746408614e-02   7.2950727023e-06   4.5009869118e-02      10.825800      10.829300
   402   7.2406676836e-06   3.8833053030e-02   7.3057945526e-06   4.5101301043e-02      10.825900      10.829500
   403   7.3316011497e-06   3.9508509724e-02   7.3267258639e-06   4.5279795426e-02      10.844400      10.847100
   404   8.3852602474e-06   4.7335123191e-02   8.6995397361e-06   5.6986637977e-02      10.861200      10.866400
   405   8.3764810934e-06   4.7269911354e-02   8.6959958800e-06   5.6956417300e-02      10.861300      10.866500
   406   7.9707645337e-06   4.4256235777e-02   7.9889504266e-06   5.0926998478e-02      10.874300      10.879800
   407   7.9798207212e-06   4.4323505427e-02   7.9947455276e-06   5.0976416929e-02      10.874300      10.879900
   408   8.8773228267e-06   5.0990179763e-02   9.1186238883e-06   6.0560430671e-02      10.910800      10.920000
   409   8.4775438760e-06   4.8020608935e-02   8.4956883035e-06   5.5248269307e-02      10.915600      10.921500
   410   8.4716183494e-06   4.7976593934e-02   8.4918714472e-06   5.5215720587e-02      10.915700      10.921500
   411   8.0058733662e-06   4.4517025307e-02   8.0988379888e-06   5.1864078454e-02      10.938100      10.949900
   412   9.5820180694e-06   5.6224678558e-02   1.0097522467e-05   6.8908111126e-02      10.942200      10.954000
   413   9.5813420811e-06   5.6219657296e-02   1.0087469822e-05   6.8822385942e-02      10.942400      10.954200
   414   8.8966167407e-06   5.1133495573e-02   1.2468437837e-05   8.9126389440e-02      11.501900      11.514400
   415   8.8591678192e-06   5.0855323787e-02   8.6894952210e-06   5.6900982114e-02      11.502100      11.515400
   416   1.2405329470e-05   7.7196325913e-02   8.7647750466e-06   5.7542940273e-02      11.504600      11.515500
   417   7.5135128380e-06   4.0859755561e-02   7.5120971728e-06   4.6860572522e-02      11.722600      11.723600
   418   7.5657645699e-06   4.1247883096e-02   7.5696565123e-06   4.7351417012e-02      11.738100      11.741700
   419   7.5652493831e-06   4.1244056272e-02   7.5691686149e-06   4.7347256406e-02      11.738200      11.741800
   420   7.5885286672e-06   4.1416975539e-02   7.5852967364e-06   4.7484790986e-02      11.771500      11.774000
   421   8.0037428653e-06   4.4501199878e-02   8.0496374602e-06   5.1444514772e-02      11.795100      11.799500
   422   8.0035935923e-06   4.4500091073e-02   8.0496220556e-06   5.1444383407e-02      11.795100      11.799600
   423   8.5416567456e-06   4.8496841381e-02   8.6194227261e-06   5.6303430122e-02      11.849100      11.858000
   424   9.6929976054e-06   5.7049038100e-02   9.8528024660e-06   6.6821230615e-02      11.925200      11.936300
   425   9.6942768463e-06   5.7058540342e-02   9.8541416050e-06   6.6832650290e-02      11.925200      11.936300
   426   8.6213981051e-05   6.2544934981e-01   1.0811942873e-04   9.0480221627e-01      12.273100      12.381500
   427   6.2631639049e-06   3.1572123707e-02   5.7323146156e-06   3.1683253444e-02      13.021300      13.040300
   428   5.7547258965e-06   2.7795429924e-02   5.7248471342e-06   3.1619573560e-02      13.026500      13.040600
   429   5.7947653131e-06   2.8092843991e-02   6.0596235868e-06   3.4474421766e-02      13.026800      13.070600
   430   8.5615093881e-05   6.2100079676e-01   7.3927452278e-05   6.1322584677e-01      14.435100      14.751800
   431   1.3662084330e-04   9.9987313432e-01   1.1927910684e-04   9.9996777161e-01      15.986300      16.535000
   432   1.3663792261e-04   1.0000000000e+00   1.1928288613e-04   1.0000000000e+00      15.986900      16.535500
   433   4.0472526202e-06   1.5112263833e-02   4.0522560623e-06   1.7356343322e-02      17.258100      17.259600
   434   4.0472199414e-06   1.5112021094e-02   4.0522138377e-06   1.7355983247e-02      17.258100      17.259700
   435   4.2644276158e-06   1.6725446644e-02   4.2686922723e-06   1.9202030261e-02      17.283500      17.288100
   436   4.3050853289e-06   1.7027453437e-02   4.3182314286e-06   1.9624481633e-02      17.312700      17.321300
   437   4.3049286333e-06   1.7026289498e-02   4.3180882509e-06   1.9623260667e-02      17.312700      17.321300
   438   4.4464641370e-06   1.8077619744e-02   4.4567227718e-06   2.0805483939e-02      17.332600      17.336900
   439   4.7818623406e-06   2.0568968324e-02   4.7816237171e-06   2.3576117517e-02      17.854100      17.856500
   440   3.8601273820e-06   1.3722291581e-02   3.8566904584e-06   1.5688633096e-02      17.921800      17.924800
   441   3.8602511104e-06   1.3723210639e-02   3.8568782358e-06   1.5690234392e-02      17.921800      17.924800
   442   3.9834715763e-06   1.4638496199e-02   4.0071018520e-06   1.6971285129e-02      17.933600      17.936900
   443   3.9833121134e-06   1.4637311704e-02   4.0067009997e-06   1.6967866810e-02      17.933700      17.936900
   444   4.6087995929e-06   1.9283452701e-02   4.6375132668e-06   2.2347197571e-02      18.007700      18.011500
   445   4.2312273319e-06   1.6478833874e-02   4.2387096769e-06   1.8946349916e-02      18.063100      18.065400
   446   4.2309174258e-06   1.6476531881e-02   4.2384026201e-06   1.8943731452e-02      18.063100      18.065400
   447   4.7697520736e-06   2.0479012874e-02   4.7276041405e-06   2.3115458800e-02      18.128700      18.138900
   448   4.6664373585e-06   1.9711587867e-02   4.6054929648e-06   2.2074140427e-02      18.164100      18.175500
   449   4.6664192819e-06   1.9711453594e-02   4.6054693557e-06   2.2073939098e-02      18.164200      18.175500
   450   4.5703170496e-06   1.8997603139e-02   4.5817681731e-06   2.1871824289e-02      18.196300      18.204500
   451   4.8549825196e-06   2.1112107352e-02   4.9316154173e-06   2.4855190561e-02      18.826700      18.839500
   452   4.8606084870e-06   2.1153897218e-02   4.9423251675e-06   2.4946519300e-02      18.826900      18.839800
   453   4.6501701085e-06   1.9590754214e-02   4.6771639756e-06   2.2685323965e-02      18.843900      18.849300
   454   5.8963353859e-06   2.8847309739e-02   5.8846833714e-06   3.2982597128e-02      19.375000      19.378000
   455   4.9079057490e-06   2.1505222792e-02   4.9122619221e-06   2.4690151203e-02      19.435300      19.436700
   456   4.9070903325e-06   2.1499165853e-02   4.9114164671e-06   2.4682941480e-02      19.435300      19.436700
   457   5.1192998369e-06   2.3075464837e-02   5.1223822261e-06   2.6481978460e-02      19.448300      19.449400
   458   4.9928026957e-06   2.2135840026e-02   5.0041687564e-06   2.5473898265e-02      19.477300      19.480200
   459   4.9937130787e-06   2.2142602381e-02   5.0041917230e-06   2.5474094115e-02      19.477300      19.480200
   460   5.3980346556e-06   2.5145915982e-02   5.3909299484e-06   2.8772052859e-02      19.488400      19.490400
   461   5.3968748436e-06   2.5137300861e-02   5.3902949489e-06   2.8766637821e-02      19.488500      19.490500
   462   5.0954247774e-06   2.2898120131e-02   5.1044247266e-06   2.6328843631e-02      19.502900      19.504600
   463   5.2699440111e-06   2.4194454579e-02   5.2639036979e-06   2.7688820569e-02      19.507600      19.510200
   464   5.2692576237e-06   2.4189356071e-02   5.2641503896e-06   2.7690924263e-02      19.507700      19.510200
   465   5.3993120184e-06   2.5155404273e-02   5.4113102753e-06   2.8945848654e-02      19.535600      19.538700
   466   9.1579237151e-06   5.3074492134e-02   9.1869789074e-06   6.1143336673e-02      19.988200      19.990100
   467   6.3503348768e-06   3.2219632474e-02   6.3625177122e-06   3.7057389427e-02      20.145400      20.146200
   468   6.3492679214e-06   3.2211707095e-02   6.3613143980e-06   3.7047128013e-02      20.145400      20.146200
   469   5.9899499524e-06   2.9542681732e-02   5.9910168036e-06   3.3889368814e-02      20.167000      20.167700
   470   5.8910250829e-06   2.8807864638e-02   5.9439611100e-06   3.3488095482e-02      20.170400      20.171500
   471   5.8959317439e-06   2.8844311473e-02   5.9478452154e-06   3.3521217678e-02      20.170400      20.171500
   472   6.3406699198e-06   3.2147840864e-02   6.3416352162e-06   3.6879311322e-02      20.181800      20.182700
   473   5.6168157411e-06   2.6771028880e-02   5.5145264556e-06   2.9826037582e-02      20.185300      20.186500
   474   5.6100512508e-06   2.6720782030e-02   5.5069423839e-06   2.9761363460e-02      20.185400      20.186600
   475   5.1977400863e-06   2.3658121516e-02   5.1908332968e-06   2.7065703555e-02      20.196600      20.200400
   476   5.1975547872e-06   2.3656745109e-02   5.1904597686e-06   2.7062518247e-02      20.196600      20.200400
   477   5.6304363991e-06   2.6872203563e-02   5.6272810861e-06   3.0787566842e-02      20.228900      20.231200
   478   5.6286149897e-06   2.6858674076e-02   5.6252429121e-06   3.0770186058e-02      20.228900      20.231300
   479   6.1132957721e-06   3.0458898425e-02   6.1280027000e-06   3.5057533234e-02      20.233800      20.236000
   480   4.7426847968e-06   2.0277956276e-02   4.7296658109e-06   2.3133039953e-02      20.250000      20.251500
   481   4.5702956107e-06   1.8997443890e-02   4.6200935245e-06   2.2198648532e-02      20.273900      20.276000
   482   4.9894285287e-06   2.2110776607e-02   5.0145252588e-06   2.5562214639e-02      20.276000      20.278600
   483   4.9849299265e-06   2.2077360846e-02   5.0103029512e-06   2.5526208380e-02      20.276000      20.278600
   484   5.4891649191e-06   2.5822834493e-02   5.4484904278e-06   2.9262907070e-02      20.300500      20.303800
   485   5.4928707362e-06   2.5850361421e-02   5.4521887301e-06   2.9294444806e-02      20.300500      20.303800
   486   7.3405834912e-06   3.9575230843e-02   7.3578730742e-06   4.5545407170e-02      20.318400      20.322400
   487   5.9576526262e-06   2.9302776161e-02   5.9850510795e-06   3.3838495353e-02      20.337900      20.341300
   488   5.1732441710e-06   2.3476165075e-02   5.1912335884e-06   2.7069117092e-02      20.350100      20.353400
   489   5.1724862611e-06   2.3470535296e-02   5.1903254065e-06   2.7061372456e-02      20.350100      20.353400
   490   7.8329443113e-06   4.3232502758e-02   7.8215937527e-06   4.9499843442e-02      20.624500      20.626600
   491   8.3205821757e-06   4.6854692407e-02   8.4470293017e-06   5.4833323564e-02      20.634300      20.635000
   492   7.5445624493e-06   4.1090393066e-02   7.5501280503e-06   4.7184885602e-02      20.634600      20.636200
   493   7.5211004094e-06   4.0916116284e-02   7.5554250592e-06   4.7230056510e-02      20.634700      20.636300
   494   8.3327014608e-06   4.6944714844e-02   8.3370197392e-06   5.3895203216e-02      20.650200      20.650900
   495   7.4728400343e-06   4.0557636675e-02   7.4815134680e-06   4.6599766142e-02      20.656300      20.657200
   496   7.4658850325e-06   4.0505974699e-02   7.4748320152e-06   4.6542789215e-02      20.656400      20.657300
   497   8.1765562172e-06   4.5784862981e-02   8.1729236188e-06   5.2495852959e-02      20.671200      20.672600
   498   7.0690219100e-06   3.7558062736e-02   7.0725076710e-06   4.3111917888e-02      20.678600      20.679600
   499   7.0745788295e-06   3.7599339711e-02   7.0785944482e-06   4.3163823644e-02      20.678600      20.679700
   500   7.0553796634e-06   3.7456727692e-02   7.0697337031e-06   4.3088262528e-02      20.697400      20.698400
   501   7.0577802085e-06   3.7474559018e-02   7.0718526082e-06   4.3106331757e-02      20.697400      20.698500
   502   8.2972428172e-06   4.6681326906e-02   8.2933958074e-06   5.3523194664e-02      20.700000      20.700800
   503   6.1633504372e-06   3.0830706078e-02   6.1671203409e-06   3.5391113825e-02      20.742400      20.743800
   504   6.1635363291e-06   3.0832086889e-02   6.1673194909e-06   3.5392812102e-02      20.742400      20.743900
   505   5.4019958473e-06   2.5175339840e-02   5.4099627346e-06   2.8934357331e-02      20.777700      20.779200
   506   5.4010474358e-06   2.5168295009e-02   5.4090548896e-06   2.8926615570e-02      20.777700      20.779300
   507   6.0875011517e-06   3.0267295159e-02   6.0896857889e-06   3.4730780966e-02      20.780600      20.782200
   508   5.7967734770e-06   2.8107760696e-02   5.7815329122e-06   3.2102968644e-02      20.807800      20.810400
   509   5.7964020716e-06   2.8105001885e-02   5.7811148296e-06   3.2099403393e-02      20.807800      20.810400
   510   5.3931386383e-06   2.5109548209e-02   5.3822446091e-06   2.8697987538e-02      20.819400      20.823200
   511   6.9410404611e-06   3.6607412441e-02   6.9559466557e-06   4.2117929204e-02      20.824100      20.826200
   512   5.4099759750e-06   2.5234616484e-02   5.4655654978e-06   2.9408516872e-02      20.839000      20.844600
   513   5.4096107883e-06   2.5231903866e-02   5.4655041427e-06   2.9407993658e-02      20.839000      20.844600
   514   5.7633832357e-06   2.7859736917e-02   6.1524059940e-06   3.5265635386e-02      20.852900      20.855700
   515   5.7610963294e-06   2.7842749703e-02   5.7946262727e-06   3.2214623919e-02      20.852900      20.857200
   516   6.1516724817e-06   3.0743961851e-02   5.7962913869e-06   3.2228823389e-02      20.854000      20.857200
   517   4.6398603057e-06   1.9514172669e-02   4.6585957580e-06   2.2526981160e-02      20.871400      20.875200
   518   4.6416969429e-06   1.9527815269e-02   4.6621228841e-06   2.2557059170e-02      20.871400      20.875200
   519   5.4112720715e-06   2.5244243930e-02   5.4200235060e-06   2.9020151822e-02      20.874900      20.876400
   520   4.9238669173e-06   2.1623782861e-02   4.8429206465e-06   2.4098834774e-02      20.886500      20.889200
   521   4.9272303423e-06   2.1648766489e-02   4.8457121273e-06   2.4122639478e-02      20.886600      20.889200
   522   5.3486563401e-06   2.4779132275e-02   5.4168762193e-06   2.8993312940e-02      20.893500      20.895600
   523   5.3519733368e-06   2.4803771033e-02   5.4197510735e-06   2.9017828620e-02      20.893500      20.895700
   524   4.0003712653e-06   1.4764027629e-02   3.9926638709e-06   1.6848163433e-02      20.932200      20.933900
   525   6.5239076402e-06   3.3508936510e-02   6.5148795038e-06   3.8356673723e-02      20.937300      20.941600
   526   5.6451605573e-06   2.6981575082e-02   5.6218159423e-06   3.0740962142e-02      20.982900      20.987400
   527   6.0991073415e-06   3.0353506309e-02   6.1142480784e-06   3.4940238972e-02      20.997800      21.000100
   528   6.1011595546e-06   3.0368750213e-02   6.1165800132e-06   3.4960124839e-02      20.997900      21.000100
   529   6.2235466376e-06   3.1277845379e-02   6.2334362795e-06   3.5956631312e-02      21.057300      21.060800
   530   6.2204746146e-06   3.1255026294e-02   6.2300552281e-06   3.5927798973e-02      21.057300      21.060900
   531   6.0806011845e-06   3.0216041983e-02   6.1044048484e-06   3.4856299593e-02      21.064800      21.067800
   532   7.0783993760e-06   3.7627718853e-02   7.0979892917e-06   4.3329215605e-02      21.173900      21.175700
   533   5.2947858276e-06   2.4378980386e-02   5.2969612567e-06   2.7970723050e-02      21.263000      21.264600
   534   5.2915578875e-06   2.4355003144e-02   5.2936424888e-06   2.7942421840e-02      21.263100      21.264700
   535   5.7514403966e-06   2.7771025126e-02   5.7542276863e-06   3.1870119904e-02      21.275600      21.277200
   536   5.6093197618e-06   2.6715348507e-02   5.5277650914e-06   2.9938931711e-02      21.305200      21.306800
   537   5.5839127365e-06   2.6526624310e-02   5.4923534328e-06   2.9636954348e-02      21.305300      21.306800
   538   5.1031814361e-06   2.2955736840e-02   5.3073008597e-06   2.8058895312e-02      21.305600      21.307300
   539   5.0809130468e-06   2.2790326532e-02   5.2427685875e-06   2.7508588263e-02      21.305700      21.307300
   540   5.7032633692e-06   2.7413164626e-02   5.6807229959e-06   3.1243299434e-02      21.308700      21.310400
   541   6.0529763872e-06   3.0010844105e-02   6.0572914831e-06   3.4454534459e-02      21.332000      21.333800
   542   5.8611211033e-06   2.8585736922e-02   5.9115345716e-06   3.3211574107e-02      21.336300      21.338700
   543   5.8539538777e-06   2.8532498541e-02   5.9047906317e-06   3.3154064313e-02      21.336500      21.338900
   544   5.3698262582e-06   2.4936383104e-02   5.4003418137e-06   2.8852313721e-02      21.350200      21.352000
   545   5.3689019352e-06   2.4929517203e-02   5.3989984678e-06   2.8840858171e-02      21.350300      21.352100
   546   5.6537373812e-06   2.7045284003e-02   5.7095690073e-06   3.1489287416e-02      21.361500      21.363100
   547   6.7552912644e-06   3.5227661469e-02   6.7735289143e-06   4.0562339025e-02      21.373400      21.375000
   548   6.7561521585e-06   3.5234056218e-02   6.7760029449e-06   4.0583436631e-02      21.373500      21.375100
   549   7.1118243996e-06   3.7876000997e-02   7.1837730269e-06   4.4060747171e-02      21.380200      21.383400
   550   6.5434927343e-06   3.3654415215e-02   6.5135588680e-06   3.8345411835e-02      21.395600      21.397400
   551   6.5493598815e-06   3.3697996572e-02   6.5207168632e-06   3.8406452537e-02      21.395700      21.397500
   552   6.0156014190e-06   2.9733221647e-02   6.0442706173e-06   3.4343497392e-02      21.418300      21.421700
   553   5.7211866304e-06   2.7546299183e-02   5.8110572521e-06   3.2354741157e-02      21.419200      21.422700
   554   5.7169792573e-06   2.7515046681e-02   5.8113465302e-06   3.2357208012e-02      21.419300      21.422800
   555   5.9046533987e-06   2.8909096204e-02   5.9598403328e-06   3.3623507547e-02      21.426000      21.430100
   556   5.9277292358e-06   2.9080504260e-02   5.9831750709e-06   3.3822497454e-02      21.426100      21.430200
   557   6.7381534503e-06   3.5100361237e-02   6.7389926816e-06   4.0267826967e-02      21.431100      21.433700
   558   5.6246787137e-06   2.6829435292e-02   5.8718451059e-06   3.2873117209e-02      21.452800      21.462300
   559   5.6236708305e-06   2.6821948704e-02   5.8714090417e-06   3.2869398616e-02      21.452900      21.462300
   560   6.1180167702e-06   3.0493966150e-02   6.0357586998e-06   3.4270910947e-02      21.473700      21.478000
   561   6.1237510593e-06   3.0536560633e-02   6.0412180166e-06   3.4317465957e-02      21.473700      21.478100
   562   6.7661776450e-06   3.5308525852e-02   6.6565183922e-06   3.9564517116e-02      21.489500      21.495600
   563   5.7613668569e-06   2.7844759190e-02   5.7790724774e-06   3.2081986978e-02      21.495100      21.502600
   564   5.7560432423e-06   2.7805215211e-02   5.7948275824e-06   3.2216340613e-02      21.527600      21.537100
   565   5.7583530168e-06   2.7822372290e-02   5.7981895004e-06   3.2245009790e-02      21.527700      21.537100
   566   6.4529529296e-06   3.2981882651e-02   6.6570311806e-06   3.9568889983e-02      21.538900      21.541900
   567   7.1419592636e-06   3.8099843730e-02   7.2698034961e-06   4.4794382792e-02      21.571700      21.574000
   568   6.9357272304e-06   3.6567945594e-02   7.2852589118e-06   4.4926180789e-02      21.574500      21.577800
   569   7.7465919465e-06   4.2591074631e-02   7.6649437917e-06   4.8163991244e-02      21.596100      21.600900
   570   7.7454383668e-06   4.2582505804e-02   7.6649463717e-06   4.8164013245e-02      21.596200      21.600900
   571   7.5749941831e-06   4.1316440958e-02   7.5476887151e-06   4.7164083865e-02      21.600900      21.602400
   572   8.3103877863e-06   4.6778968156e-02   8.5271272587e-06   5.5516368943e-02      21.635100      21.641400
   573   8.3093308450e-06   4.6771117163e-02   8.5251844694e-06   5.5499801564e-02      21.635100      21.641500
   574   6.4539379145e-06   3.2989199150e-02   6.4784308806e-06   3.8045853514e-02      21.659200      21.663200
   575   6.4547937362e-06   3.2995556221e-02   6.4792481307e-06   3.8052822717e-02      21.659200      21.663200
   576   6.3770545250e-06   3.2418106875e-02   6.3335902263e-06   3.6810706661e-02      21.681900      21.684600
   577   6.6945506455e-06   3.4776478210e-02   6.7098366460e-06   4.0019195215e-02      21.712200      21.716000
   578   6.6965361882e-06   3.4791226884e-02   6.7102397094e-06   4.0022632389e-02      21.712200      21.716100
   579   7.1867769937e-06   3.8432751262e-02   7.2558903779e-06   4.4675736931e-02      21.715300      21.725300
   580   7.6053645783e-06   4.1542033225e-02   7.6369173639e-06   4.7924992364e-02      21.733000      21.735000
   581   7.6081847339e-06   4.1562981430e-02   7.6412783448e-06   4.7962181176e-02      21.733000      21.735000
   582   7.2504328191e-06   3.8905588769e-02   7.2677460835e-06   4.4776837948e-02      21.745900      21.748500
   583   8.1052281572e-06   4.5255035871e-02   8.1324368658e-06   5.2150597093e-02      21.799400      21.806600
   584   8.0921713739e-06   4.5158049667e-02   8.1235745681e-06   5.2075022737e-02      21.799500      21.806600
   585   6.8659150215e-06   3.6049378273e-02   6.7794892899e-06   4.0613166875e-02      21.805800      21.816200
   586   5.9012519219e-06   2.8883829926e-02   5.9427185477e-06   3.3477499376e-02      21.948500      21.952100
   587   7.1467015439e-06   3.8135069540e-02   7.1808211699e-06   4.4035574840e-02      21.973100      21.980400
   588   7.1408800807e-06   3.8091827525e-02   7.1758948534e-06   4.3993565058e-02      21.973100      21.980500
   589   6.6971809587e-06   3.4796016260e-02   6.6804514816e-06   3.9768609538e-02      22.014600      22.024700
   590   6.6969261021e-06   3.4794123177e-02   6.6801683782e-06   3.9766195338e-02      22.014600      22.024700
   591   6.7708887627e-06   3.5343520185e-02   6.7599036090e-06   4.0446147524e-02      22.079800      22.081300
   592   6.7707073280e-06   3.5342172482e-02   6.7597096960e-06   4.0444493907e-02      22.079800      22.081300
   593   7.0121823135e-06   3.7135856395e-02   7.0127123697e-06   4.2602005953e-02      22.096100      22.097300
   594   7.0642603614e-06   3.7522693800e-02   7.3575384679e-06   4.5542553773e-02      22.156700      22.158700
   595   7.0586142046e-06   3.7480753967e-02   7.2349703648e-06   4.4497338894e-02      22.156700      22.161600
   596   7.3523821335e-06   3.9662871536e-02   7.2328147140e-06   4.4478956312e-02      22.156900      22.161600
   597   7.1723427909e-06   3.8325533543e-02   7.2338951031e-06   4.4488169465e-02      22.194000      22.199700
   598   7.1605966300e-06   3.8238282684e-02   7.2231787460e-06   4.4396784385e-02      22.194100      22.199800
   599   7.8972240311e-06   4.3709974572e-02   7.9384442669e-06   5.0496300864e-02      22.199900      22.205600
   600   6.1287310123e-06   3.0573551883e-02   6.1575222080e-06   3.5309264543e-02      22.310300      22.314500
   601   6.9957764662e-06   3.7013993237e-02   6.9736573190e-06   4.2268959107e-02      22.327600      22.332900
   602   6.9921580679e-06   3.6987115659e-02   6.9703601103e-06   4.2240841746e-02      22.327600      22.333000
   603   5.8570841291e-06   2.8555750148e-02   5.8363070247e-06   3.2570061761e-02      22.425400      22.434400
   604   6.6412484283e-06   3.4380547636e-02   6.6825129565e-06   3.9786189024e-02      22.454000      22.458500
   605   6.6423156221e-06   3.4388474785e-02   6.6835634632e-06   3.9795147352e-02      22.454100      22.458600
   606   6.4620261644e-06   3.3049278929e-02   6.4629618823e-06   3.7913939690e-02      22.479800      22.482000
   607   6.4622899714e-06   3.3051238496e-02   6.4632623655e-06   3.7916502099e-02      22.479800      22.482000
   608   7.2287225861e-06   3.8744324464e-02   7.3110303767e-06   4.5145950190e-02      22.482200      22.487000
   609   1.0411757240e-05   6.2388007648e-02   1.0430361155e-05   7.1746434802e-02      22.714900      22.721300
   610   9.1444294315e-06   5.2974256165e-02   9.0427824955e-06   5.9913683677e-02      22.745500      22.762300
   611   9.1436507323e-06   5.2968471962e-02   9.0427279545e-06   5.9913218572e-02      22.745500      22.762300
   612   7.2749663028e-06   3.9087824270e-02   7.1098910588e-06   4.3430709418e-02      22.908300      22.936200
   613   6.7042620006e-06   3.4848614465e-02   6.4721185921e-06   3.7992024682e-02      23.009700      23.014700
   614   6.7008775276e-06   3.4823474492e-02   6.4691375632e-06   3.7966603585e-02      23.009700      23.014700
   615   5.4587370397e-06   2.5596815232e-02   5.4604511862e-06   2.9364903937e-02      23.011600      23.018500
   616   5.7035604317e-06   2.7415371215e-02   5.7096855672e-06   3.1490281395e-02      23.071000      23.071800
   617   5.0369744308e-06   2.2463949088e-02   5.1076110173e-06   2.6356015124e-02      23.075700      23.079000
   618   5.0396821846e-06   2.2484062369e-02   5.1103517154e-06   2.6379386771e-02      23.075800      23.079000
   619   5.4907107340e-06   2.5834316856e-02   5.4934525196e-06   2.9646326949e-02      23.087000      23.088000
   620   5.4920800942e-06   2.5844488507e-02   5.4946734002e-06   2.9656738162e-02      23.087100      23.088000
   621   5.2988951724e-06   2.4409504731e-02   5.3506411758e-06   2.8428485295e-02      23.098100      23.101700
   622   5.3029702681e-06   2.4439774672e-02   5.3557848299e-06   2.8472348451e-02      23.098200      23.101700
   623   5.4521882835e-06   2.5548170862e-02   5.4807845309e-06   2.9538299086e-02      23.113400      23.116200
   624   5.1563706170e-06   2.3350827776e-02   5.2461901290e-06   2.7537765888e-02      23.120300      23.123100
   625   5.5686452015e-06   2.6413216572e-02   5.5758801115e-06   3.0349238582e-02      23.121900      23.123200
   626   5.5669689132e-06   2.6400765049e-02   5.5503001955e-06   3.0131102638e-02      23.122000      23.123200
   627   5.6536170228e-06   2.7044389978e-02   5.6578226895e-06   3.1048014197e-02      23.145500      23.148000
   628   4.9434495416e-06   2.1769243220e-02   4.9001557456e-06   2.4586914264e-02      23.205400      23.210000
   629   5.2170862834e-06   2.3801825687e-02   5.2157709552e-06   2.7278362566e-02      23.231300      23.237900
   630   5.2174788586e-06   2.3804741749e-02   5.2161495083e-06   2.7281590725e-02      23.231300      23.238000
   631   5.1192717555e-06   2.3075256246e-02   5.1914381475e-06   2.7070861495e-02      23.252700      23.263000
   632   5.5197759042e-06   2.6050213869e-02   5.5014130029e-06   2.9714210969e-02      23.302100      23.320600
   633   5.9402508075e-06   2.9173514895e-02   5.9770577083e-06   3.3770330877e-02      23.316200      23.339000
   634   5.9402159907e-06   2.9173256275e-02   5.9767653026e-06   3.3767837350e-02      23.316300      23.339100
   635   6.0363580909e-06   2.9887402869e-02   6.0488870353e-06   3.4382864476e-02      23.361400      23.371800
   636   6.0366750196e-06   2.9889757025e-02   6.0489401017e-06   3.4383317006e-02      23.361500      23.371900
   637   6.1186905660e-06   3.0498971126e-02   6.1654538504e-06   3.5376902618e-02      23.444000      23.451700
   638   6.3015541835e-06   3.1857287924e-02   6.4770815323e-06   3.8034346778e-02      23.463500      23.477000
   639   6.3026170944e-06   3.1865183260e-02   6.4780963086e-06   3.8043000410e-02      23.463600      23.477100
   640   6.9839777826e-06   3.6926352238e-02   6.9809274522e-06   4.2330956080e-02      23.733300      23.734500
   641   7.2768086838e-06   3.9101509535e-02   7.2577609516e-06   4.4691688483e-02      23.742300      23.743800
   642   7.2748730927e-06   3.9087131903e-02   7.2558030498e-06   4.4674992229e-02      23.742400      23.743800
   643   7.4104690821e-06   4.0094343247e-02   7.4185624612e-06   4.6062943533e-02      23.754100      23.755400
   644   8.2886222309e-06   4.6617292914e-02   8.2851642663e-06   5.3452999165e-02      23.771200      23.773000
   645   7.2266534409e-06   3.8728954788e-02   7.2330935789e-06   4.4481334367e-02      23.790800      23.792700
   646   7.2278643033e-06   3.8737949112e-02   7.2336893195e-06   4.4486414620e-02      23.790800      23.792800
   647   7.3919547934e-06   3.9956818519e-02   7.2743463327e-06   4.4833122401e-02      23.805900      23.807800
   648   7.3890195455e-06   3.9935015404e-02   7.2715155821e-06   4.4808982820e-02      23.805900      23.807900
   649   7.2058452461e-06   3.8574390851e-02   7.0439461109e-06   4.2868355600e-02      23.838000      23.843600
   650   7.1996486962e-06   3.8528362680e-02   7.0398200094e-06   4.2833169752e-02      23.838100      23.843600
   651   6.8010803334e-06   3.5567784138e-02   7.2068155749e-06   4.4257245390e-02      23.846100      23.850800
   652   6.8569029896e-06   3.5982436612e-02   7.1695175373e-06   4.3939181695e-02      23.846200      23.852400
   653   7.1555840623e-06   3.8201049171e-02   7.1687393917e-06   4.3932545960e-02      23.846400      23.852500
   654   8.6747423982e-06   4.9485405863e-02   8.6526058591e-06   5.6586403453e-02      23.867100      23.873400
   655   6.9592669479e-06   3.6742799368e-02   6.9326797806e-06   4.1919518007e-02      23.883400      23.886900
   656   1.5523800601e-05   1.0036042918e-01   1.5474315185e-05   1.1475938570e-01      23.944200      23.962700
   657   6.7266195570e-06   3.5014687109e-02   6.7813902868e-06   4.0629377865e-02      23.978400      23.986900
   658   6.7247810429e-06   3.5001030568e-02   6.7791777058e-06   4.0610509803e-02      23.978500      23.987000
   659   7.3168371432e-06   3.9398842211e-02   7.3224559130e-06   4.5243382884e-02      23.989600      23.994800
   660   1.2503095493e-05   7.7922535061e-02   1.2671124048e-05   9.0854821539e-02      24.070700      24.074700
   661   1.2502181089e-05   7.7915742839e-02   1.2670203740e-05   9.0846973498e-02      24.070700      24.074700
   662   1.0506405218e-05   6.3091055857e-02   1.0567290843e-05   7.2914119898e-02      24.156200      24.160700
   663   1.0501640935e-05   6.3055666606e-02   1.0562262980e-05   7.2871244165e-02      24.156300      24.160700
   664   1.1321006118e-05   6.9141937383e-02   1.1384521904e-05   7.9883160315e-02      24.181900      24.184300
   665   8.7947449685e-06   5.0376788793e-02   8.8116121947e-06   5.7942349931e-02      24.203200      24.204700
   666   1.1164233187e-05   6.7977423040e-02   1.1176284986e-05   7.8107393867e-02      24.209600      24.212000
   667   1.1151425181e-05   6.7882284765e-02   1.1163460336e-05   7.7998030057e-02      24.209700      24.212000
   668   1.4111066770e-05   8.9866597118e-02   1.4075539774e-05   1.0283115286e-01      24.221300      24.224700
   669   9.1668461811e-06   5.3140768497e-02   9.0777125471e-06   6.0211554075e-02      24.225100      24.226800
   670   9.1637247151e-06   5.3117582147e-02   9.0701692220e-06   6.0147227424e-02      24.225100      24.226900
   671   9.2304168850e-06   5.3612973718e-02   9.1863780827e-06   6.1138213065e-02      24.239400      24.241900
   672   9.2277959062e-06   5.3593505004e-02   9.1841392461e-06   6.1119121105e-02      24.239400      24.241900
   673   1.2320589275e-05   7.6566873039e-02   1.2444646981e-05   8.8923509930e-02      24.248800      24.251600
   674   8.0417359721e-06   4.4783413890e-02   8.0728602743e-06   5.1642550233e-02      24.311400      24.314000
   675   8.3523209012e-06   4.7090448675e-02   8.2843938384e-06   5.3446429244e-02      24.314300      24.316800
   676   8.3526387036e-06   4.7092809321e-02   8.2852815269e-06   5.3453999119e-02      24.314300      24.316900
   677   9.4291840347e-06   5.5089422462e-02   9.3562056907e-06   6.2586439302e-02      24.356800      24.360700
   678   9.4210695102e-06   5.5029147514e-02   9.3498449053e-06   6.2532196906e-02      24.356900      24.360800
   679   1.0797446466e-05   6.5252919548e-02   1.0783884950e-05   7.4761153327e-02      24.373500      24.375700
   680   9.0029447564e-06   5.1923303474e-02   9.0499735060e-06   5.9975005921e-02      24.387300      24.393200
   681   9.0094644454e-06   5.1971731932e-02   9.0561746553e-06   6.0027887000e-02      24.387400      24.393200
   682   1.0320024952e-05   6.1706617282e-02   1.0330359061e-05   7.0893654404e-02      24.399200      24.403000
   683   1.0675841038e-05   6.4349630540e-02   1.0683513032e-05   7.3905219197e-02      24.404200      24.409300
   684   1.0695245367e-05   6.4493766515e-02   1.0702368111e-05   7.4066008253e-02      24.404200      24.409300
   685   1.0417222016e-05   6.2428600177e-02   1.0386712705e-05   7.1374217175e-02      24.422000      24.422700
   686   9.5084033755e-06   5.5677866258e-02   9.5356240100e-06   6.4116451533e-02      24.445900      24.448700
   687   1.0913000544e-05   6.6111258936e-02   1.0846199189e-05   7.5292545821e-02      24.458800      24.463700
   688   1.0904364684e-05   6.6047111488e-02   1.0839048718e-05   7.5231569282e-02      24.458800      24.463700
   689   1.2946714070e-05   8.1217748031e-02   1.3239240189e-05   9.5699503216e-02      24.472500      24.477700
   690   9.2973445027e-06   5.4110114202e-02   9.5127899302e-06   6.3921731051e-02      24.487400      24.494800
   691   9.3003193475e-06   5.4132211444e-02   9.5180331347e-06   6.3966443136e-02      24.487500      24.494800
   692   1.0288835943e-05   6.1474944322e-02   1.0284090577e-05   7.0499094096e-02      24.496400      24.498500
   693   1.0288790827e-05   6.1474609197e-02   1.0286579133e-05   7.0520315571e-02      24.496400      24.498500
   694   9.9111856732e-06   5.8669746044e-02   9.7708342331e-06   6.6122236224e-02      24.511900      24.517800
   695   9.9664240608e-06   5.9080058553e-02   9.9364344073e-06   6.7534412487e-02      24.516500      24.519200
   696   1.4209264807e-05   9.0596015277e-02   1.2001673747e-05   8.5146000100e-02      24.551400      24.560500
   697   1.4200985869e-05   9.0534519058e-02   1.2002806948e-05   8.5155663614e-02      24.551400      24.560500
   698   9.2220746139e-06   5.3551007062e-02   9.4625054598e-06   6.3492923921e-02      24.567100      24.571700
   699   9.2219257305e-06   5.3549901151e-02   9.4770372652e-06   6.3616845714e-02      24.567100      24.571700
   700   1.2639278044e-05   7.8934103402e-02   1.2580581421e-05   9.0082707926e-02      24.633300      24.646000
   701   1.0884195681e-05   6.5897295494e-02   1.1439553242e-05   8.0352446955e-02      24.690400      24.712300
   702   1.0862419219e-05   6.5735539234e-02   1.1329336835e-05   7.9412562713e-02      24.690400      24.712300
   703   1.1035339311e-05   6.7019995210e-02   1.1110779969e-05   7.7548791621e-02      24.701300      24.714800
   704   1.7338244259e-05   1.1383817469e-01   1.3602387889e-05   9.8796290795e-02      24.944800      25.000400
   705   1.7333768168e-05   1.1380492614e-01   1.3591142520e-05   9.8700394498e-02      24.945000      25.000500
   706   1.1362598284e-05   6.9450885325e-02   1.1301218289e-05   7.9172778286e-02      24.997200      25.036000
   707   1.1361832574e-05   6.9445197605e-02   1.1303126546e-05   7.9189051185e-02      24.997300      25.036100
   708   1.1053100579e-05   6.7151926477e-02   1.0758444364e-05   7.4544205537e-02      25.564500      25.586000
   709   1.0736946800e-05   6.4803526099e-02   1.0455132507e-05   7.1957675614e-02      25.580800      25.600000
   710   1.0729128932e-05   6.4745454724e-02   1.0447714330e-05   7.1894416180e-02      25.580900      25.600000
   711   6.8915551089e-06   3.6239833663e-02   6.7636972371e-06   4.0478498164e-02      25.648900      25.657600
   712   7.9831964306e-06   4.4348580304e-02   8.0777596247e-06   5.1684330058e-02      25.724400      25.727200
   713   6.4307675337e-06   3.2817088821e-02   6.3554307855e-06   3.6996954769e-02      25.762500      25.769200
   714   6.4296853762e-06   3.2809050520e-02   6.3542079140e-06   3.6986526579e-02      25.762500      25.769200
   715   6.7236502242e-06   3.4992630811e-02   6.8143493626e-06   4.0910440520e-02      25.772600      25.779000
   716   6.7237539204e-06   3.4993401069e-02   6.8147302930e-06   4.0913688951e-02      25.772600      25.779000
   717   1.0989036172e-05   6.6676054009e-02   1.0993847570e-05   7.6551635918e-02      25.979000      25.979800
   718   9.6268169721e-06   5.6557446239e-02   9.6830080524e-06   6.5373287448e-02      25.996500      25.998900
   719   9.5940176802e-06   5.6313812051e-02   9.6493745937e-06   6.5086473908e-02      25.996500      25.999000
   720   1.0818149427e-05   6.5406701808e-02   1.0818389697e-05   7.5055396888e-02      25.998300      26.000800
   721   8.0406285744e-06   4.4775188105e-02   8.0554747346e-06   5.1494292862e-02      26.051900      26.056100
   722   8.0390912140e-06   4.4763768542e-02   8.0542215418e-06   5.1483606103e-02      26.052000      26.056200
   723   9.3050623714e-06   5.4167442778e-02   9.1467556253e-06   6.0800327588e-02      26.094400      26.108200
   724   1.0842955612e-05   6.5590962942e-02   1.0831167065e-05   7.5164357493e-02      26.105700      26.110900
   725   8.7359040319e-06   4.9939716434e-02   8.6999080173e-06   5.6989778541e-02      26.148400      26.157400
   726   8.7374680778e-06   4.9951334216e-02   8.7013506476e-06   5.7002080753e-02      26.148400      26.157400
   727   9.3365382984e-06   5.4401246970e-02   9.1997548202e-06   6.1252284872e-02      26.219400      26.230300
   728   8.9144299568e-06   5.1265812712e-02   8.8927640991e-06   5.8634382978e-02      26.303100      26.319000
   729   8.9143767962e-06   5.1265417834e-02   8.8926569049e-06   5.8633468867e-02      26.303100      26.319000
   730   6.4363713728e-06   3.2858714317e-02   6.4403000415e-06   3.7720687999e-02      26.420300      26.425900
   731   9.2610325562e-06   5.3840387903e-02   9.2613647972e-06   6.1777671682e-02      26.560900      26.563700
   732   9.2606710755e-06   5.3837702813e-02   9.2610372031e-06   6.1774878082e-02      26.560900      26.563700
   733   9.6134150836e-06   5.6457896583e-02   9.5028789391e-06   6.3837213832e-02      26.583300      26.588600
   734   9.8736485359e-06   5.8390918988e-02   9.8960129159e-06   6.7189713148e-02      26.599600      26.602500
   735   8.7637363127e-06   5.0146455506e-02   8.4294676697e-06   5.4683564544e-02      26.606700      26.609600
   736   7.2483311954e-06   3.8889977841e-02   7.2889769294e-06   4.4957886651e-02      26.616000      26.618600
   737   7.2485625100e-06   3.8891696053e-02   7.2892154625e-06   4.4959920771e-02      26.616000      26.618600
   738   8.1554716648e-06   4.5628246252e-02   8.1774246868e-06   5.2534236382e-02      26.635700      26.638400
   739   8.1547889774e-06   4.5623175228e-02   8.1766435262e-06   5.2527574936e-02      26.635700      26.638400
   740   7.8980460397e-06   4.3716080478e-02   7.8839787090e-06   5.0031838985e-02      26.653100      26.656600
   741   7.8990337119e-06   4.3723416939e-02   7.8849493856e-06   5.0040116551e-02      26.653100      26.656600
   742   7.9286995695e-06   4.3943775878e-02   7.9376780238e-06   5.0489766630e-02      26.667000      26.672500
   743   8.4780701835e-06   4.8024518364e-02   8.4307223411e-06   5.4694263911e-02      26.726500      26.729800
   744   8.4781686376e-06   4.8025249684e-02   8.4306314678e-06   5.4693488978e-02      26.726600      26.729900
   745   8.8006540491e-06   5.0420681632e-02   8.8201850073e-06   5.8015455665e-02      26.732500      26.737800
   746   7.3189766797e-06   3.9414734757e-02   7.3289119552e-06   4.5298437594e-02      26.739800      26.742900
   747   8.0184319645e-06   4.4610310977e-02   8.0411381693e-06   5.1372036002e-02      26.757400      26.760600
   748   8.0188110711e-06   4.4613126993e-02   8.0419040671e-06   5.1378567292e-02      26.757400      26.760600
   749   1.0155515334e-05   6.0484634580e-02   1.0164553171e-05   6.9479723868e-02      26.812600      26.819200
   750   1.0155908389e-05   6.0487554200e-02   1.0164074565e-05   6.9475642493e-02      26.812600      26.819200
   751   9.5772886133e-06   5.6189548007e-02   9.5719684637e-06   6.4426383422e-02      26.820400      26.822100
   752   7.6609773638e-06   4.1955126774e-02   7.6193734422e-06   4.7775384370e-02      26.943000      26.952900
   753   7.6604467740e-06   4.1951185535e-02   7.6189238341e-06   4.7771550281e-02      26.943100      26.952900
   754   1.0180060116e-05   6.0666953998e-02   1.0198270044e-05   6.9767248733e-02      27.033700      27.034500
   755   1.0534341899e-05   6.3298570415e-02   1.0476462023e-05   7.2139565738e-02      27.035600      27.037400
   756   1.0536707336e-05   6.3316140953e-02   1.0477580950e-05   7.2149107529e-02      27.035600      27.037500
   757   1.0359609808e-05   6.2000654858e-02   1.0280453739e-05   7.0468080506e-02      27.044600      27.045800
   758   1.0394827783e-05   6.2262255101e-02   1.0308404138e-05   7.0706431043e-02      27.044700      27.045800
   759   1.0632755367e-05   6.4029588801e-02   1.0643669512e-05   7.3565448582e-02      27.048400      27.050500
   760   1.0662179284e-05   6.4248150600e-02   1.0663741498e-05   7.3736614962e-02      27.061200      27.062100
   761   1.0507697764e-05   6.3100656928e-02   1.0512639505e-05   7.2448073759e-02      27.067300      27.069600
   762   1.0416941775e-05   6.2426518538e-02   1.0376544871e-05   7.1287509687e-02      27.070200      27.071600
   763   1.0416629964e-05   6.2424202397e-02   1.0375179740e-05   7.1275868366e-02      27.070200      27.071700
   764   1.0862843619e-05   6.5738691693e-02   1.0704620730e-05   7.4085217748e-02      27.071300      27.073200
   765   1.0866399172e-05   6.5765102455e-02   1.0709140521e-05   7.4123760828e-02      27.071300      27.073200
   766   1.1092569399e-05   6.7445102134e-02   1.0969222270e-05   7.6341640581e-02      27.118300      27.121000
   767   1.1094199582e-05   6.7457211181e-02   1.0970735018e-05   7.6354540726e-02      27.118400      27.121000
   768   8.7044930970e-06   4.9706395005e-02   8.6652134416e-06   5.6693916194e-02      27.152600      27.155900
   769   1.0913967731e-05   6.6118443234e-02   1.0908960564e-05   7.5827751321e-02      27.158100      27.160100
   770   1.1612495014e-05   7.1307126224e-02   1.1686587871e-05   8.2459065755e-02      27.189900      27.191800
   771   1.1609636497e-05   7.1285893069e-02   1.1683584310e-05   8.2433452512e-02      27.189900      27.191900
   772   1.0886844583e-05   6.5916971619e-02   1.0964796769e-05   7.6303901560e-02      27.227000      27.229500
   773   1.0886629023e-05   6.5915370435e-02   1.0964970696e-05   7.6305384743e-02      27.227000      27.229600
   774   9.6670813253e-06   5.6856531143e-02   9.7097517355e-06   6.5601347560e-02      27.235000      27.237200
   775   9.6652047513e-06   5.6842591891e-02   9.7080192964e-06   6.5586573969e-02      27.235000      27.237200
   776   9.2543242758e-06   5.3790558581e-02   9.2885211801e-06   6.2009251145e-02      27.244300      27.246500
   777   1.0985788613e-05   6.6651931040e-02   1.1348577933e-05   7.9576643598e-02      27.248700      27.250600
   778   1.0776835385e-05   6.5099819783e-02   1.0651832882e-05   7.3635062750e-02      27.261200      27.263900
   779   9.7269672351e-06   5.7301365595e-02   9.7441780887e-06   6.5894922607e-02      27.268900      27.272800
   780   9.1348739475e-06   5.2903277723e-02   9.2888373465e-06   6.2011947293e-02      27.276400      27.279400
   781   9.1290565670e-06   5.2860066036e-02   9.2826508787e-06   6.1959191413e-02      27.276500      27.279500
   782   9.9911767310e-06   5.9263922179e-02   9.5591692428e-06   6.4317236459e-02      27.278600      27.283000
   783   8.6924626328e-06   4.9617032333e-02   8.5727527267e-06   5.5905445846e-02      27.294000      27.296600
   784   8.7033774103e-06   4.9698107649e-02   8.5821540053e-06   5.5985616428e-02      27.294100      27.296700
   785   8.6547928173e-06   4.9337219739e-02   8.7293070871e-06   5.7240482799e-02      27.301300      27.305300
   786   8.6552806002e-06   4.9340843006e-02   8.7302853190e-06   5.7248824793e-02      27.301300      27.305300
   787   1.0310613416e-05   6.1636708086e-02   1.0267609197e-05   7.0358547061e-02      27.307000      27.309400
   788   6.9210822088e-06   3.6459161905e-02   8.1225885692e-06   5.2066614508e-02      27.324500      27.327300
   789   6.9185657014e-06   3.6440469208e-02   6.9616619588e-06   4.2166667168e-02      27.324500      27.330500
   790   8.1917427322e-06   4.5897668901e-02   6.9639074370e-06   4.2185815765e-02      27.325800      27.330500
   791   7.7952677071e-06   4.2952639737e-02   7.8309821523e-06   4.9579904198e-02      27.340600      27.342900
   792   7.8269580730e-06   4.3188036789e-02   7.8431437858e-06   4.9683614054e-02      27.340600      27.342900
   793   8.0827584521e-06   4.5088130183e-02   8.1579722518e-06   5.2368353301e-02      27.341100      27.343800
   794   7.4502948530e-06   4.0390170347e-02   7.4800856897e-06   4.6587590583e-02      27.358900      27.362500
   795   7.4487289995e-06   4.0378539137e-02   7.4786613109e-06   4.6575444015e-02      27.358900      27.362500
   796   7.8112793242e-06   4.3071574541e-02   7.8793031233e-06   4.9991967341e-02      27.374600      27.378900
   797   9.1787017162e-06   5.3228831791e-02   9.1244017599e-06   6.0609702196e-02      27.384700      27.388500
   798   9.1795904060e-06   5.3235433007e-02   9.1256608647e-06   6.0620439370e-02      27.384800      27.388500
   799   8.1805417278e-06   4.5814467482e-02   7.8020027373e-06   4.9332778600e-02      27.401800      27.406500
   800   9.9999409634e-06   5.9329023177e-02   1.0020716194e-05   6.8253135997e-02      27.427500      27.433100
   801   8.6061221289e-06   4.8975692309e-02   8.6490471941e-06   5.6556056490e-02      27.439100      27.441500
   802   8.6044979373e-06   4.8963627761e-02   8.6481790520e-06   5.6548653299e-02      27.439100      27.441600
   803   1.2123804024e-05   7.5105145901e-02   1.2288098075e-05   8.7588519497e-02      27.445200      27.448800
   804   9.5426777449e-06   5.5932457370e-02   9.6057036978e-06   6.4714064863e-02      27.466200      27.469200
   805   9.5396537543e-06   5.5909995071e-02   9.6023663104e-06   6.4685604873e-02      27.466300      27.469200
   806   8.2421870259e-06   4.6272370728e-02   8.2183328786e-06   5.2883086120e-02      27.504700      27.509300
   807   8.2435062318e-06   4.6282169831e-02   8.2197874068e-06   5.2895489791e-02      27.504700      27.509300
   808   1.0201308387e-05   6.0824786838e-02   1.0144982892e-05   6.9312835857e-02      27.523300      27.528000
   809   1.0198482956e-05   6.0803799450e-02   1.0142674799e-05   6.9293153302e-02      27.523300      27.528000
   810   9.1306477836e-06   5.2871885643e-02   9.2687464879e-06   6.1840619975e-02      27.526500      27.530200
   811   8.8746082005e-06   5.0970015433e-02   8.8244811380e-06   5.8052091460e-02      27.535400      27.538000
   812   8.8273502675e-06   5.0618981996e-02   8.8131311243e-06   5.7955302794e-02      27.550200      27.553400
   813   8.8270563616e-06   5.0616798854e-02   8.8125155243e-06   5.7950053188e-02      27.550200      27.553400
   814   1.0962146488e-05   6.6476316577e-02   1.0996172576e-05   7.6571462697e-02      27.552200      27.554600
   815   9.5384922960e-06   5.5901367721e-02   9.5648533362e-06   6.4365708279e-02      27.567700      27.571100
   816   9.4224031356e-06   5.5039053726e-02   9.4701545777e-06   6.3558152734e-02      27.582900      27.586200
   817   9.4253900201e-06   5.5061240400e-02   9.4731342857e-06   6.3583562567e-02      27.583000      27.586300
   818   9.2847266828e-06   5.4016388633e-02   9.2492966140e-06   6.1674758735e-02      27.595600      27.598300
   819   1.0503949825e-05   6.3072817120e-02   1.0459041291e-05   7.1991008264e-02      27.596800      27.599900
   820   9.4635725822e-06   5.5344861692e-02   9.6088378531e-06   6.4740791766e-02      27.604000      27.608400
   821   9.4647471835e-06   5.5353586668e-02   9.6093222306e-06   6.4744922356e-02      27.604000      27.608400
   822   1.1378622537e-05   6.9569913988e-02   1.1346995538e-05   7.9563149519e-02      27.621600      27.624300
   823   1.1379741779e-05   6.9578227752e-02   1.1347711179e-05   7.9569252243e-02      27.621600      27.624300
   824   1.2890070770e-05   8.0796999788e-02   1.3149464023e-05   9.4933925701e-02      27.688100      27.707500
   825   1.2892806558e-05   8.0817321310e-02   1.3151936084e-05   9.4955006506e-02      27.688100      27.707600
   826   9.0105206036e-06   5.1979577109e-02   9.0489892214e-06   5.9966612311e-02      27.722900      27.733900
   827   9.0095953907e-06   5.1972704598e-02   9.0480437493e-06   5.9958549679e-02      27.723000      27.734000
   828   7.8104008097e-06   4.3065048907e-02   8.0906373482e-06   5.1794146462e-02      27.769500      27.786200
   829   9.9007531147e-06   5.8592252665e-02   1.0702230092e-05   7.4064831275e-02      27.786900      27.805600
   830   1.1244262901e-05   6.8571886319e-02   1.1297960723e-05   7.9144998988e-02      27.854900      27.860200
   831   1.0057520418e-05   5.9756725209e-02   8.4264857847e-06   5.4658136145e-02      27.883200      27.895000
   832   1.0056931521e-05   5.9752350861e-02   1.0367527232e-05   7.1210610645e-02      27.883200      27.902000
   833   8.4346017771e-06   4.7701633652e-02   1.0371221277e-05   7.1242112078e-02      27.890400      27.902000
   834   9.4502312664e-06   5.5245761971e-02   9.5320731903e-06   6.4086171472e-02      27.933700      27.942300
   835   9.4510012844e-06   5.5251481690e-02   9.5325640325e-06   6.4090357190e-02      27.933800      27.942300
   836   9.6018848775e-06   5.6372249844e-02   9.2141159622e-06   6.1374751313e-02      27.990900      28.006500
   837   1.0402327418e-05   6.2317962631e-02   1.0585678062e-05   7.3070919220e-02      28.065800      28.074900
   838   1.0401314356e-05   6.2310437573e-02   1.0584167393e-05   7.3058036799e-02      28.065900      28.074900
   839   8.6975130250e-06   4.9654546807e-02   8.6056046607e-06   5.6185594835e-02      28.128100      28.133800
   840   1.0254922155e-05   6.1223031622e-02   1.0267932760e-05   7.0361306288e-02      28.137500      28.147900
   841   1.0257397533e-05   6.1241418805e-02   1.0265655697e-05   7.0341888349e-02      28.137500      28.147900
   842   1.0422507197e-05   6.2467858675e-02   1.0315250630e-05   7.0764815364e-02      28.212600      28.230500
   843   1.0422320900e-05   6.2466474850e-02   1.0315256698e-05   7.0764867101e-02      28.212600      28.230500
   844   6.5478458491e-06   3.3686750291e-02   6.4132306194e-06   3.7489850106e-02      28.300100      28.303800
   845   8.3326687031e-06   4.6944471519e-02   8.1792183232e-06   5.2549531841e-02      28.344100      28.349500
   846   1.0135460450e-05   6.0335666255e-02   1.1902767867e-05   8.4302567798e-02      28.383800      28.420600
   847   1.0134678930e-05   6.0329861098e-02   1.1902680223e-05   8.4301820397e-02      28.383800      28.420600
   848   1.1900903086e-05   7.3449430608e-02   1.3647057967e-05   9.9177220488e-02      28.454000      28.511500
   849   1.3823158285e-05   8.7728003684e-02   1.4586633939e-05   1.0718957249e-01      28.500000      28.548100
   850   1.3820345548e-05   8.7707110584e-02   1.4585691220e-05   1.0718153334e-01      28.500000      28.548100
   851   1.7619842915e-05   1.1592989851e-01   1.7802417062e-05   1.3461256657e-01      28.729900      28.778600
   852   1.7251306648e-05   1.1319239934e-01   1.6981399091e-05   1.2761123281e-01      28.818400      28.876600
   853   1.7247679125e-05   1.1316545398e-01   1.6977438645e-05   1.2757745961e-01      28.818400      28.876600
   854   1.8847213261e-05   1.2504684469e-01   1.7859027507e-05   1.3509531924e-01      28.876900      28.929400
   855   8.3693057231e-06   4.7216612474e-02   8.4035212521e-06   5.4462303212e-02      29.740000      29.751600
   856   8.0365857774e-06   4.4745158080e-02   7.9445444325e-06   5.0548320792e-02      29.798700      29.807600
   857   8.0364573663e-06   4.4744204237e-02   7.9443680091e-06   5.0546816319e-02      29.798800      29.807700
   858   5.8377689733e-06   2.8412276553e-02   5.7624340941e-06   3.1940101076e-02      29.940300      29.952000
   859   6.7091773030e-06   3.4885125489e-02   6.3032267274e-06   3.6551778114e-02      29.972500      29.983800
   860   6.7072572210e-06   3.4870863059e-02   6.3012928347e-06   3.6535286602e-02      29.972600      29.983900
   861   6.5767293348e-06   3.3901297747e-02   6.5978584773e-06   3.9064287331e-02      30.005600      30.011100
   862   4.8905315307e-06   2.1376166543e-02   4.8879098909e-06   2.4482486201e-02      30.047800      30.051600
   863   4.9064837992e-06   2.1494660503e-02   4.9002037340e-06   2.4587323491e-02      30.047900      30.051700
